   6.28318548       9.10427661E-06   7.49514925E-07           3   1.31979705E-05
   8.88576603      -7.84438453E-06   2.11994802E-06           5   1.49507014E-05
   10.8827963      -2.33740029E-05   3.89459365E-06           4   4.46692320E-05
   12.5663710      -3.25570618E-05   5.99611940E-06           3   1.19782533E-04
   14.0496311       2.05118286E-05   8.37983498E-06          10   4.86648860E-05
   15.3905983      -2.36712494E-05   1.10155761E-05          12   5.45348557E-05
   17.7715321      -1.14694725E-04   1.69595842E-05           5   9.13686235E-05
   18.8495560      -9.09748051E-05   2.02369029E-05          15   2.24484407E-04
   19.8691769      -3.01674481E-05   2.37017430E-05          10   1.10988003E-04
   20.8389683      -1.33586305E-04   2.73444548E-05          12   2.77644023E-04
   21.7655926       3.42477404E-04   3.11567492E-05           4   3.02769098E-04
   22.6543465      -2.77680141E-04   3.51313829E-05          10   3.03249893E-04
   23.5095272       3.14443489E-04   3.92619877E-05          24   2.41502654E-04
   25.1327419      -9.67786589E-04   4.79689552E-05           3   6.57099241E-04
   26.2336216       1.13551105E-04   5.45525945E-05          39   1.99111688E-04
   27.3877697      -3.78913246E-04   6.20741266E-05          12   1.84918026E-04
   28.5890808       7.18114388E-05   7.06059291E-05          34   2.32832201E-04
   29.4707508      -8.34495469E-04   7.73417851E-05          12   4.67928738E-04
   31.1112556       3.90619331E-04   9.09899099E-05          25   5.13297855E-04
   32.2333832      -7.07051731E-05   1.01194833E-04          50   3.27650370E-04
   34.0753403       1.43504891E-04   1.19553210E-04          58   3.84132407E-04
   35.5430641      -1.17892552E-04   1.35676673E-04           5   1.70544465E-03
   36.6342354       3.51804803E-04   1.48560066E-04          70   4.15791437E-04
   38.3940239       4.19664546E-04   1.71013962E-04          61   4.87329526E-04
   40.3166122       1.94688080E-04   1.98012538E-04          80   4.82560543E-04
   41.8554611       1.21200283E-03   2.21562877E-04          58   8.16131476E-04
   43.3526917      -2.26343589E-04   2.46200449E-04          55   8.66959861E-04
   45.3819160       9.98542644E-04   2.82415858E-04         155   5.78017207E-04
   47.3354950       6.10301504E-04   3.20480322E-04          58   1.21854013E-03
   48.9887238      -1.31080509E-04   3.55245866E-04         118   7.87009252E-04
   51.3677788       8.27081167E-05   4.09555796E-04         177   7.11942790E-04
   53.7418289      -1.54553179E-03   4.69005434E-04         149   9.72546171E-04
   55.8878174       1.41136581E-03   5.27463097E-04         167   1.00763002E-03
   58.3514290      -8.95483478E-04   6.00336993E-04         222   1.18682464E-03
   60.5009613       3.44391912E-04   6.69156027E-04         188   1.18883082E-03
   63.2204056       2.47400138E-04   7.63506046E-04         290   1.21256581E-03
   65.9144516       1.13509153E-03   8.65331560E-04         286   1.27220515E-03
   68.5586319      -9.53830720E-04   9.73704271E-04         297   1.51294412E-03
   71.5089493       1.28671469E-03   1.10489712E-03         429   1.44179864E-03
   74.8173065       3.46222240E-03   1.26545562E-03         429   1.45398010E-03
   77.6716766       9.15103010E-04   1.41588727E-03         436   1.92640512E-03
   81.1264038       2.31412938E-03   1.61334535E-03         608   1.59418816E-03
   84.5518341      -4.29568026E-04   1.82645849E-03         590   2.04911991E-03
   88.1575851       2.12486181E-03   2.07023532E-03         718   1.86687172E-03
   91.8803558       1.43702072E-03   2.34373589E-03         818   2.05839332E-03
   95.8411560       5.09294681E-03   2.66009290E-03         906   2.41668080E-03
   99.8555756       3.80082126E-03   3.00855213E-03        1011   2.35389802E-03
   104.149239       6.36111433E-03   3.41357058E-03        1234   2.43714079E-03
   108.644135       3.56346369E-03   3.87489074E-03        1300   2.78631807E-03
   113.058342       4.24110098E-03   4.36665071E-03        1399   2.97829625E-03
   117.813347       1.12905223E-02   4.94110538E-03        1778   3.00209876E-03
   122.940071       9.48477257E-03   5.61462808E-03        1951   3.55631066E-03
   128.129089       8.35689250E-03   6.35599997E-03        2139   3.71878780E-03
   133.625381       4.50002169E-03   7.20953941E-03        2584   3.64246848E-03
   139.351837       7.70695182E-03   8.17671325E-03        2749   4.05012164E-03
   145.210861       7.33740767E-03   9.25204810E-03        3202   4.17666277E-03
   151.361206       1.26616796E-02   1.04781445E-02        3590   4.47981944E-03
   157.845352       5.03836526E-03   1.18832737E-02        4176   4.88523347E-03
   164.644104       2.93616811E-03   1.34858768E-02        4719   5.08630276E-03
   171.652863       1.27752433E-02   1.52824791E-02        5208   5.55563997E-03
   178.788635       1.63152684E-02   1.72687266E-02        5809   5.85629558E-03
   186.346832       3.05576026E-02   1.95526965E-02        6864   6.28331769E-03
   194.316956       2.25128233E-02   2.21703574E-02        7658   6.65210560E-03
   202.586441       3.03258207E-02   2.51230169E-02        8714   7.19517982E-03
   211.213196       1.96088329E-02   2.84710713E-02        9853   7.52869993E-03
   220.203476       3.15822139E-02   3.22636254E-02       11230   8.12702812E-03
   229.602539       3.31518278E-02   3.65738496E-02       12671   8.60232674E-03
   239.276550       3.12687308E-02   4.13943566E-02       14122   9.42655280E-03
   249.383865       4.53706682E-02   4.68646847E-02       16251   9.83845815E-03
   260.013153       5.28391972E-02   5.31161539E-02       18505   1.06176315E-02
   271.045319       4.88239974E-02   6.01681173E-02       20690   1.12278247E-02
   282.504700       8.42713043E-02   6.81267455E-02       23574   1.19964937E-02
   294.491638       9.04593244E-02   7.71719515E-02       26719   1.29403891E-02
   307.069214      0.106895275       8.74882042E-02       30658   1.39562916E-02
   320.150330       8.97406861E-02   9.91522297E-02       34221   1.51758548E-02
   333.693939      0.150568277      0.112275660           38817   1.65918432E-02
   347.839691      0.142532513      0.127168059           44075   1.82230566E-02
   362.600128      0.181370169      0.144053742           49912   2.00649351E-02
   377.992615      0.171034992      0.163188905           56623   2.25360971E-02
   394.225739      0.240073785      0.185129479           65585   2.53596995E-02
