   0.00000000             Infinity
   1.99999996E-02   49.4422112    
   3.99999991E-02   24.4609547    
   5.99999987E-02   16.1457272    
   7.99999982E-02   11.9965668    
  0.100000001       9.51350784    
  0.119999997       7.86325169    
  0.140000001       6.68868637    
  0.159999996       5.81126928    
  0.180000007       5.13182116    
  0.200000003       4.59084368    
  0.219999999       4.15048170    
  0.239999995       3.78550458    
  0.259999990       3.47845054    
  0.280000001       3.21685171    
  0.300000012       2.99156880    
  0.319999993       2.79575157    
  0.340000004       2.62416315    
  0.360000014       2.47273469    
  0.379999995       2.33825564    
  0.400000006       2.21815944    
  0.419999987       2.11037111    
  0.439999998       2.01319337    
  0.460000008       1.92522681    
  0.479999989       1.84530616    
  0.500000000       1.77245390    
  0.519999981       1.70584393    
  0.540000021       1.64477336    
  0.560000002       1.58864141    
  0.579999983       1.53693032    
  0.600000024       1.48919225    
  0.620000005       1.44503820    
  0.639999986       1.40412819    
  0.660000026       1.36616421    
  0.680000007       1.33088386    
  0.699999988       1.29805541    
  0.720000029       1.26747298    
  0.740000010       1.23895407    
  0.759999990       1.21233535    
  0.779999971       1.18747091    
  0.800000012       1.16422975    
  0.819999993       1.14249396    
  0.839999974       1.12215757    
  0.860000014       1.10312450    
  0.879999995       1.08530784    
  0.899999976       1.06862867    
  0.920000017       1.05301559    
  0.939999998       1.03840315    
  0.959999979       1.02473187    
  0.980000019       1.01194739    
   1.00000000       1.00000000    
   1.01999998      0.988844216    
   1.03999996      0.978438199    
   1.05999994      0.968743682    
   1.08000004      0.959725320    
   1.10000002      0.951350749    
   1.12000000      0.943590164    
   1.13999999      0.936416090    
   1.15999997      0.929803073    
   1.17999995      0.923727810    
   1.20000005      0.918168724    
   1.22000003      0.913105965    
   1.24000001      0.908521056    
   1.25999999      0.904397130    
   1.27999997      0.900718510    
   1.29999995      0.897470713    
   1.32000005      0.894640446    
   1.34000003      0.892215490    
   1.36000001      0.890184522    
   1.38000000      0.888537169    
   1.39999998      0.887263834    
   1.41999996      0.886355817    
   1.44000006      0.885805070    
   1.46000004      0.885604322    
   1.48000002      0.885746956    
   1.50000000      0.886226952    
   1.51999998      0.887038767    
   1.53999996      0.888177633    
   1.55999994      0.889639199    
   1.58000004      0.891419530    
   1.60000002      0.893515348    
   1.62000000      0.895923674    
   1.63999999      0.898642004    
   1.65999997      0.901668370    
   1.67999995      0.905001044    
   1.70000005      0.908638716    
   1.72000003      0.912580609    
   1.74000001      0.916826010    
   1.75999999      0.921374857    
   1.77999997      0.926227272    
   1.79999995      0.931383729    
   1.82000005      0.936845124    
   1.84000003      0.942612350    
   1.86000001      0.948687017    
   1.88000000      0.955070853    
   1.89999998      0.961765826    
   1.91999996      0.968774319    
   1.94000006      0.976098955    
   1.96000004      0.983742535    
   1.98000002      0.991708398    
   2.00000000       1.00000000    
   2.01999998       1.00862110    
   2.03999996       1.01757574    
   2.05999994       1.02686822    
   2.07999992       1.03650331    
   2.09999990       1.04648578    
   2.11999989       1.05682099    
   2.14000010       1.06751442    
   2.16000009       1.07857156    
   2.18000007       1.08999884    
   2.20000005       1.10180247    
   2.22000003       1.11398923    
   2.24000001       1.12656617    
   2.25999999       1.13954031    
   2.27999997       1.15291965    
   2.29999995       1.16671193    
   2.31999993       1.18092537    
   2.33999991       1.19556868    
   2.35999990       1.21065092    
   2.38000011       1.22618139    
   2.40000010       1.24216938    
   2.42000008       1.25862527    
   2.44000006       1.27555931    
   2.46000004       1.29298234    
   2.48000002       1.31090558    
   2.50000000       1.32934034    
   2.51999998       1.34829891    
   2.53999996       1.36779356    
   2.55999994       1.38783705    
   2.57999992       1.40844285    
   2.59999990       1.42962444    
   2.61999989       1.45139623    
   2.64000010       1.47377300    
   2.66000009       1.49676955    
   2.68000007       1.52040184    
   2.70000005       1.54468596    
   2.72000003       1.56963861    
   2.74000001       1.59527731    
   2.75999999       1.62161982    
   2.77999997       1.64868462    
   2.79999995       1.67649066    
   2.81999993       1.70505798    
   2.83999991       1.73440659    
   2.85999990       1.76455772    
   2.88000011       1.79553342    
   2.90000010       1.82735527    
   2.92000008       1.86004674    
   2.94000006       1.89363194    
   2.96000004       1.92813540    
   2.98000002       1.96358263    
   3.00000000       2.00000000    
   3.01999998       2.03741455    
   3.03999996       2.07585430    
   3.05999994       2.11534858    
   3.07999992       2.15592670    
   3.09999990       2.19762015    
   3.11999989       2.24046040    
   3.14000010       2.28448081    
   3.16000009       2.32971478    
   3.18000007       2.37619758    
   3.20000005       2.42396569    
   3.22000003       2.47305632    
   3.24000001       2.52350807    
   3.25999999       2.57536125    
   3.27999997       2.62865663    
   3.29999995       2.68343735    
   3.31999993       2.73974681    
   3.33999991       2.79763079    
   3.35999990       2.85713601    
   3.38000011       2.91831183    
   3.40000010       2.98120666    
   3.42000008       3.04587340    
   3.44000006       3.11236477    
   3.46000004       3.18073678    
   3.48000002       3.25104570    
   3.50000000       3.32335091    
   3.51999998       3.39771318    
   3.53999996       3.47419548    
   3.55999994       3.55286288    
   3.57999992       3.63378239    
   3.59999990       3.71702337    
   3.61999989       3.80265784    
   3.64000010       3.89076090    
   3.66000009       3.98140717    
   3.68000007       4.07467699    
   3.70000005       4.17065191    
   3.72000003       4.26941729    
   3.74000001       4.37105989    
   3.75999999       4.47567081    
   3.77999997       4.58334303    
   3.79999995       4.69417381    
   3.81999993       4.80826330    
   3.83999991       4.92571449    
   3.85999990       5.04663515    
   3.88000011       5.17113638    
   3.90000010       5.29933023    
   3.92000008       5.43133688    
   3.94000006       5.56727791    
   3.96000004       5.70728111    
   3.98000002       5.85147667    
   4.00000000       6.00000000    
   4.01999998       6.15299177    
   4.03999996       6.31059742    
   4.05999994       6.47296619    
   4.07999992       6.64025450    
   4.09999990       6.81262207    
   4.11999989       6.99023581    
   4.13999987       7.17326784    
   4.15999985       7.36189651    
   4.17999983       7.55630636    
   4.19999981       7.75668764    
   4.21999979       7.96323872    
   4.23999977       8.17616367    
   4.26000023       8.39568043    
   4.28000021       8.62199688    
   4.30000019       8.85534573    
   4.32000017       9.09596157    
   4.34000015       9.34408951    
   4.36000013       9.59997940    
   4.38000011       9.86389446    
   4.40000010       10.1361036    
   4.42000008       10.4168873    
   4.44000006       10.7065353    
   4.46000004       11.0053492    
   4.48000002       11.3136396    
   4.50000000       11.6317282    
   4.51999998       11.9599504    
   4.53999996       12.2986526    
   4.55999994       12.6481915    
   4.57999992       13.0089407    
   4.59999990       13.3812838    
   4.61999989       13.7656212    
   4.63999987       14.1623659    
   4.65999985       14.5719461    
   4.67999983       14.9948063    
   4.69999981       15.4314070    
   4.71999979       15.8822260    
   4.73999977       16.3477573    
   4.76000023       16.8285275    
   4.78000021       17.3250427    
   4.80000019       17.8378677    
   4.82000017       18.3675728    
   4.84000015       18.9147511    
   4.86000013       19.4800167    
   4.88000011       20.0640087    
   4.90000010       20.6673889    
   4.92000008       21.2908401    
   4.94000006       21.9350758    
   4.96000004       22.6008339    
   4.98000002       23.2888756    
   5.00000000       24.0000000    
   5.01999998       24.7350273    
   5.03999996       25.4948139    
   5.05999994       26.2802429    
   5.07999992       27.0922375    
   5.09999990       27.9317493    
   5.11999989       28.7997704    
   5.13999987       29.6973286    
   5.15999985       30.6254883    
   5.17999983       31.5853577    
   5.19999981       32.5780869    
   5.21999979       33.6048660    
   5.23999977       34.6669312    
   5.26000023       35.7655983    
   5.28000021       36.9021492    
   5.30000019       38.0779877    
   5.32000017       39.2945557    
   5.34000015       40.5533485    
   5.36000013       41.8559113    
   5.38000011       43.2038574    
   5.40000010       44.5988541    
   5.42000008       46.0426407    
   5.44000006       47.5370178    
   5.46000004       49.0838585    
   5.48000002       50.6851044    
   5.50000000       52.3427773    
   5.51999998       54.0589752    
   5.53999996       55.8358803    
   5.55999994       57.6757545    
   5.57999992       59.5809479    
   5.59999990       61.5539055    
   5.61999989       63.5971680    
   5.63999987       65.7133713    
   5.65999985       67.9052658    
   5.67999983       70.1756897    
   5.69999981       72.5276108    
   5.71999979       74.9641037    
   5.73999977       77.4883728    
   5.76000023       80.1037903    
   5.78000021       82.8137054    
   5.80000019       85.6217651    
   5.82000017       88.5317001    
   5.84000015       91.5473938    
   5.86000013       94.6728897    
   5.88000011       97.9123688    
   5.90000010       101.270210    
   5.92000008       104.750938    
   5.94000006       108.359276    
   5.96000004       112.100136    
   5.98000002       115.978607    
   6.00000000       120.000000    
   6.01999998       124.169838    
   6.03999996       128.493851    
   6.05999994       132.978027    
   6.07999992       137.628555    
   6.09999990       142.451920    
   6.11999989       147.454819    
   6.13999987       152.644257    
   6.15999985       158.027512    
   6.17999983       163.612152    
   6.19999981       169.406036    
   6.21999979       175.417389    
   6.23999977       181.654724    
   6.26000023       188.127060    
   6.28000021       194.843353    
   6.30000019       201.813339    
   6.32000017       209.047058    
   6.34000015       216.554886    
   6.36000013       224.347702    
   6.38000011       232.436752    
   6.40000010       240.833817    
   6.42000008       249.551117    
   6.44000006       258.601379    
   6.46000004       267.997864    
   6.48000002       277.754364    
   6.50000000       287.885284    
   6.51999998       298.405548    
   6.53999996       309.330780    
   6.55999994       320.677185    
   6.57999992       332.461670    
   6.59999990       344.701874    
   6.61999989       357.416077    
   6.63999987       370.623413    
   6.65999985       384.343781    
   6.67999983       398.597900    
   6.69999981       413.407379    
   6.71999979       428.794678    
   6.73999977       444.783234    
   6.76000023       461.397858    
   6.78000021       478.663239    
   6.80000019       496.606262    
   6.82000017       515.254517    
   6.84000015       534.636780    
   6.86000013       554.783142    
   6.88000011       575.724731    
   6.90000010       597.494263    
   6.92000008       620.125549    
   6.94000006       643.654114    
   6.96000004       668.116821    
   6.98000002       693.552063    
   7.00000000       720.000000    
   7.01999998       747.502441    
   7.03999996       776.102905    
   7.05999994       805.846863    
   7.07999992       836.781677    
   7.09999990       868.956726    
   7.11999989       902.423523    
   7.13999987       937.235779    
   7.15999985       973.449463    
   7.17999983       1011.12305    
   7.19999981       1050.31738    
   7.21999979       1091.09607    
   7.23999977       1133.52539    
   7.26000023       1177.67542    
   7.28000021       1223.61621    
   7.30000019       1271.42407    
   7.32000017       1321.17737    
   7.34000015       1372.95801    
   7.36000013       1426.85132    
   7.38000011       1482.94653    
   7.40000010       1541.33643    
   7.42000008       1602.11816    
   7.44000006       1665.39294    
   7.46000004       1731.26624    
   7.48000002       1799.84827    
   7.50000000       1871.25427    
   7.51999998       1945.60425    
   7.53999996       2023.02332    
   7.55999994       2103.64233    
   7.57999992       2187.59790    
   7.59999990       2275.03223    
   7.61999989       2366.09448    
   7.63999987       2460.93945    
   7.65999985       2559.72949    
   7.67999983       2662.63403    
   7.69999981       2769.82935    
   7.71999979       2881.50000    
   7.73999977       2997.83887    
   7.76000023       3119.04980    
   7.78000021       3245.33691    
   7.80000019       3376.92261    
   7.82000017       3514.03589    
   7.84000015       3656.91577    
   7.86000013       3805.81226    
   7.88000011       3960.98633    
   7.90000010       4122.71045    
   7.92000008       4291.26904    
   7.94000006       4466.95947    
   7.96000004       4650.09277    
   7.98000002       4840.99316    
   8.00000000       5040.00000    
   8.02000046       5247.47217    
   8.03999996       5463.76416    
   8.06000042       5689.28418    
   8.07999992       5924.41406    
   8.10000038       6169.59863    
   8.11999989       6425.25537    
   8.14000034       6691.86963    
   8.15999985       6969.89795    
   8.18000031       7259.87061    
   8.19999981       7562.28516    
   8.22000027       7877.72168    
   8.23999977       8206.72363    
   8.26000023       8549.92383    
   8.27999973       8907.91797    
   8.30000019       9281.39648    
   8.31999969       9671.00977    
   8.34000015       10077.5117    
   8.35999966       10501.6162    
   8.38000011       10944.1455    
   8.39999962       11405.8789    
   8.42000008       11887.7168    
   8.43999958       12390.5107    
   8.46000004       12915.2461    
   8.47999954       13462.8525    
   8.50000000       14034.4072    
   8.52000046       14630.9580    
   8.53999996       15253.5957    
   8.56000042       15903.5518    
   8.57999992       16581.9922    
   8.60000038       17290.2617    
   8.61999989       18029.6387    
   8.64000034       18801.5957    
   8.65999985       19607.5293    
   8.68000031       20449.0488    
   8.69999981       21327.6855    
   8.72000027       22245.2031    
   8.73999977       23203.2715    
   8.76000023       24203.8262    
   8.77999973       25248.6973    
   8.80000019       26339.9961    
   8.81999969       27479.7324    
   8.84000015       28670.2207    
   8.85999966       29913.6543    
   8.88000011       31212.5723    
   8.89999962       32569.3789    
   8.92000008       33986.8516    
   8.93999958       35467.6250    
   8.96000004       37014.7383    
   8.97999954       38631.0859    
   9.00000000       40320.0000    
   9.02000046       42084.7266    
   9.03999996       43928.6641    
   9.06000042       45855.6328    
   9.07999992       47869.2656    
   9.10000038       49973.7500    
   9.11999989       52173.0703    
   9.14000034       54471.8203    
   9.15999985       56874.3672    
   9.18000031       59385.7422    
   9.19999981       62010.7383    
   9.22000027       64754.8711    
   9.23999977       67623.3984    
   9.26000023       70622.3750    
   9.27999973       73757.5547    
   9.30000019       77035.5938    
   9.31999969       80462.7969    
   9.34000015       84046.4531    
   9.35999966       87793.5078    
   9.38000011       91711.9453    
   9.39999962       95809.3750    
   9.42000008       100094.578    
   9.43999958       104575.906    
   9.46000004       109262.977    
   9.47999954       114164.977    
   9.50000000       119292.461    
   9.52000046       124655.766    
   9.53999996       130265.703    
   9.56000042       136134.406    
   9.57999992       142273.484    
   9.60000038       148696.266    
   9.61999989       155415.484    
   9.64000034       162445.797    
   9.65999985       169801.188    
   9.68000031       177497.750    
   9.69999981       185550.859    
   9.72000027       193978.172    
   9.73999977       202796.594    
   9.76000023       212025.531    
   9.77999973       221683.547    
   9.80000019       231791.984    
   9.81999969       242371.234    
   9.84000015       253444.750    
   9.85999966       265034.969    
   9.88000011       277167.656    
   9.89999962       289867.469    
   9.92000008       303162.719    
   9.93999958       317080.531    
   9.96000004       331652.062    
   9.97999954       346907.156    
   10.0000000       362880.000    
