   6.28318498E-03   6.75462885E-04   0.00000000               3   5.58150874E-04
   6.68763556E-03   0.00000000       0.00000000               0   0.00000000    
   6.97163073E-03   0.00000000       0.00000000               0   0.00000000    
   7.26768607E-03   0.00000000       0.00000000               0   0.00000000    
   7.57631334E-03   0.00000000       0.00000000               0   0.00000000    
   7.89804943E-03   0.00000000       0.00000000               0   0.00000000    
   8.23344756E-03   0.00000000       0.00000000               0   0.00000000    
   8.58308561E-03   0.00000000       0.00000000               0   0.00000000    
   8.88576638E-03   7.03111524E-04   0.00000000               5   2.62934685E-04
   9.32753831E-03   0.00000000       0.00000000               0   0.00000000    
   9.72363818E-03   0.00000000       0.00000000               0   0.00000000    
   1.01365596E-02   0.00000000       0.00000000               0   0.00000000    
   1.05670160E-02   0.00000000       0.00000000               0   0.00000000    
   1.08827967E-02   1.48971658E-03   0.00000000               4   4.12794354E-04
   1.14835436E-02   0.00000000       0.00000000               0   0.00000000    
   1.19712036E-02   0.00000000       0.00000000               0   0.00000000    
   1.25663700E-02   2.87822727E-03   0.00000000               3   1.11129135E-03
   1.30095258E-02   0.00000000       0.00000000               0   0.00000000    
   1.35619845E-02   0.00000000       0.00000000               0   0.00000000    
   1.40496297E-02   5.98981231E-03   0.00000000              10   2.33925832E-03
   1.47382794E-02   0.00000000       0.00000000               0   0.00000000    
   1.53905982E-02   3.53715429E-03   0.00000000              12   7.07680476E-04
   1.60166007E-02   0.00000000       0.00000000               0   0.00000000    
   1.66967586E-02   0.00000000       0.00000000               0   0.00000000    
   1.77715328E-02   5.39924297E-03   0.00000000               5   4.01628530E-03
   1.81449540E-02   0.00000000       0.00000000               0   0.00000000    
   1.88495554E-02   1.53739462E-02   0.00000000              15   3.63111356E-03
   1.98691767E-02   2.39657182E-02   0.00000000              10   6.42106868E-03
   2.08389666E-02   5.64112328E-03   0.00000000              12   1.48169941E-03
   2.17655934E-02   9.14267637E-03   0.00000000               4   4.79369657E-03
   2.26543453E-02   1.00066159E-02   0.00000000              10   2.79409462E-03
   2.35095266E-02   1.93002392E-02   0.00000000              24   3.70842661E-03
   2.42766310E-02   0.00000000       0.00000000               0   0.00000000    
   2.51327399E-02   1.70816798E-02   0.00000000               3   1.17743062E-02
   2.62336209E-02   2.33113281E-02   0.00000000              39   3.34049924E-03
   2.73877680E-02   2.74194200E-02   0.00000000              12   9.06556379E-03
   2.85890810E-02   2.45588291E-02   0.00000000              34   3.25927534E-03
   2.94707511E-02   2.47909408E-02   0.00000000              12   7.24258460E-03
   3.11112572E-02   2.32333988E-02   0.00000000              25   5.70428697E-03
   3.22333798E-02   2.87939329E-02   0.00000000              50   3.10392538E-03
   3.40753421E-02   3.67602371E-02   0.00000000              58   4.27088374E-03
   3.55430655E-02   5.92468604E-02   0.00000000               5   1.79382972E-02
   3.66342328E-02   4.49410528E-02   0.00000000              70   5.27166156E-03
   3.83940265E-02   4.90890481E-02   0.00000000              61   6.25180174E-03
   4.03166115E-02   4.67589051E-02   0.00000000              80   4.41013416E-03
   4.18554582E-02   5.55161089E-02   0.00000000              58   8.01558048E-03
   4.33526896E-02   5.74987084E-02   0.00000000              55   6.91401213E-03
   4.53819185E-02   6.67447746E-02   0.00000000             155   4.96402429E-03
   4.73354943E-02   7.34526515E-02   0.00000000              58   1.09651890E-02
   4.90203798E-02   7.27404729E-02   0.00000000             121   7.40994234E-03
   5.13867773E-02   8.02066475E-02   0.00000000             174   6.60852576E-03
   5.37418276E-02   8.25511515E-02   0.00000000             149   8.07646848E-03
   5.58878146E-02   8.65981430E-02   0.00000000             167   7.03516183E-03
   5.83514310E-02  0.115301318       0.00000000             222   7.86736049E-03
   6.05009571E-02  0.121245600       0.00000000             188   7.79282814E-03
   6.32204041E-02  0.142378792       0.00000000             290   8.44677910E-03
   6.59144446E-02  0.142997235       0.00000000             286   8.55789706E-03
   6.85586333E-02  0.150475115       0.00000000             297   8.17780476E-03
   7.15089440E-02  0.173944920       0.00000000             429   8.33665952E-03
   7.48172998E-02  0.186922908       0.00000000             429   8.41051526E-03
   7.76716843E-02  0.189332515       0.00000000             436   9.59206559E-03
   8.11263993E-02  0.207667753       0.00000000             608   8.51648580E-03
   8.45518336E-02  0.237464726       0.00000000             590   9.76673607E-03
   8.81575868E-02  0.238946795       0.00000000             718   8.80378950E-03
   9.18803513E-02  0.252152324       0.00000000             818   9.19326115E-03
   9.58411545E-02  0.252481580       0.00000000             906   8.02093931E-03
   9.98555794E-02  0.279061377       0.00000000            1011   8.64324253E-03
  0.104149237      0.286937833       0.00000000            1234   7.96791539E-03
  0.108644128      0.298691541       0.00000000            1300   8.08015559E-03
  0.113058344      0.321078569       0.00000000            1399   8.77236761E-03
  0.117813341      0.352402985       0.00000000            1778   8.61294009E-03
  0.122940071      0.387101084       0.00000000            1951   8.97437427E-03
  0.128129080      0.406794488       0.00000000            2139   8.90686549E-03
  0.133625373      0.473703325       0.00000000            2584   9.38092824E-03
  0.139356956      0.494190931       0.00000000            2754   9.46406554E-03
  0.145215616      0.517599404       0.00000000            3197   9.25404299E-03
  0.151361227      0.525346994       0.00000000            3590   8.78642499E-03
  0.157845348      0.533349812       0.00000000            4176   8.35504383E-03
  0.164644092      0.548187017       0.00000000            4719   8.08708649E-03
  0.171652853      0.579164803       0.00000000            5208   7.91378319E-03
  0.178788647      0.617355883       0.00000000            5809   8.06694571E-03
  0.186346829      0.659325659       0.00000000            6864   8.01347755E-03
  0.194316968      0.724659920       0.00000000            7658   8.35595746E-03
  0.202586442      0.775717974       0.00000000            8714   8.36694054E-03
  0.211213201      0.794774950       0.00000000            9853   7.92845804E-03
  0.220203474      0.815821230       0.00000000           11230   7.69518642E-03
  0.229602531      0.835163593       0.00000000           12671   7.44517660E-03
  0.239276558      0.882671952       0.00000000           14122   7.51309888E-03
  0.249383867      0.947554469       0.00000000           16251   7.44292419E-03
  0.260013163      0.986052632       0.00000000           18505   7.27827940E-03
  0.271045297       1.05975378       0.00000000           20690   7.33373966E-03
  0.282504708       1.07857454       0.00000000           23574   7.06043281E-03
  0.294491649       1.12831640       0.00000000           26719   6.84740674E-03
  0.307069212       1.16608870       0.00000000           30658   6.66069100E-03
  0.320150316       1.24205863       0.00000000           34221   6.72159996E-03
  0.333693951       1.29385257       0.00000000           38817   6.59827702E-03
  0.347839713       1.34132731       0.00000000           44075   6.37747860E-03
  0.362600118       1.37766695       0.00000000           49912   6.17319904E-03
  0.377992630       1.44194078       0.00000000           56623   6.08182233E-03
  0.394225746       1.50866652       0.00000000           65585   5.90374926E-03
