   0.00000000       0.00000000       0.00000000       0.00000000       0.00000000    
   3.17332596E-02   3.10927387E-02   3.27973925E-02   3.18434611E-02   3.17279324E-02
   6.34665191E-02   6.21854775E-02   6.52538612E-02   6.36185333E-02   6.34239241E-02
   9.51997787E-02   9.32782143E-02   9.73694026E-02   9.52980071E-02   9.50560421E-02
  0.126933038      0.124370955      0.129144013      0.126854539      0.126592457    
  0.158666298      0.155463696      0.160577655      0.158260912      0.158001393    
  0.190399557      0.186556429      0.191670388      0.189489961      0.189251244    
  0.222132832      0.217649192      0.222422242      0.220514372      0.220310554    
  0.253866076      0.248741910      0.252833128      0.251306802      0.251147985    
  0.285599321      0.279834658      0.282903016      0.281840086      0.281732559    
  0.317332596      0.310927391      0.312632084      0.312086940      0.312033445    
  0.349065870      0.342020154      0.342020154      0.342020154      0.342020154    
  0.380799115      0.369362622      0.371816814      0.371612400      0.371662468    
  0.412532389      0.396705121      0.401122659      0.400836498      0.400930554    
  0.444265664      0.424047649      0.429937720      0.429665089      0.429794937    
  0.475998878      0.451390117      0.458261788      0.458071053      0.458226502    
  0.507732153      0.478732646      0.486095190      0.486027062      0.486196756    
  0.539465427      0.506075144      0.513437629      0.513505876      0.513677418    
  0.571198642      0.533417583      0.540289342      0.540480137      0.540640771    
  0.602931917      0.560760140      0.566650152      0.566922724      0.567059875    
  0.634665191      0.588102639      0.592520118      0.592806280      0.592907965    
  0.666398466      0.615445137      0.617899299      0.618103743      0.618158996    
  0.698131740      0.642787635      0.642787635      0.642787635      0.642787635    
  0.729864955      0.663082004      0.666841984      0.666690290      0.666768968    
  0.761598229      0.683376253      0.690144420      0.689932048      0.690079033    
  0.793331504      0.703670681      0.712694764      0.712492466      0.712694168    
  0.825064778      0.723965049      0.734493136      0.734351456      0.734591722    
  0.856798053      0.744259417      0.755539477      0.755488873      0.755749583    
  0.888531327      0.764553785      0.775833726      0.775884330      0.776146531    
  0.920264482      0.784847975      0.795376062      0.795517683      0.795761824    
  0.951997757      0.805142343      0.814166427      0.814368725      0.814575970    
  0.983731031      0.825436771      0.832204759      0.832417190      0.832569838    
   1.01546431      0.845731080      0.849491119      0.849642873      0.849725425    
   1.04719758      0.866025448      0.866025448      0.866025448      0.866025448    
   1.07893085      0.876823843      0.881436229      0.881355524      0.881453395    
   1.11066413      0.887622237      0.895924449      0.895811498      0.895993829    
   1.14239728      0.898420572      0.909490228      0.909382582      0.909631968    
   1.17413056      0.909219027      0.922133625      0.922058284      0.922354281    
   1.20586383      0.920017362      0.933854461      0.933827579      0.934147835    
   1.23759711      0.930815816      0.944652855      0.944679797      0.945000827    
   1.26933038      0.941614211      0.954528809      0.954604149      0.954902232    
   1.30106366      0.952412605      0.963482261      0.963589907      0.963842154    
   1.33279693      0.963210940      0.971513271      0.971626222      0.971811593    
   1.36453021      0.974009395      0.978621781      0.978702426      0.978802443    
   1.39626348      0.984807789      0.984807789      0.984807789      0.984807789    
   1.42799675      0.984807789      0.989716172      0.989716113      0.989821434    
   1.45972991      0.984807789      0.993642807      0.993642807      0.993838489    
   1.49146330      0.984807789      0.996587873      0.996587932      0.996854782    
   1.52319646      0.984807789      0.998551190      0.998551130      0.998867333    
   1.55492973      0.984807730      0.999532819      0.999532819      0.999874115    
   1.58666301      0.984807730      0.999532878      0.999532938      0.999874115    
   1.61839628      0.984807730      0.998551130      0.998551130      0.998867333    
   1.65012956      0.984807730      0.996587873      0.996587753      0.996854782    
   1.68186271      0.984807730      0.993642807      0.993642747      0.993838489    
   1.71359611      0.984807730      0.989716172      0.989716172      0.989821434    
   1.74532926      0.984807730      0.984807730      0.984807730      0.984807730    
   1.77706265      0.974009335      0.978621721      0.978702366      0.978802443    
   1.80879581      0.963210940      0.971513152      0.971626163      0.971811533    
   1.84052896      0.952412605      0.963482201      0.963589847      0.963842154    
   1.87226236      0.941614151      0.954528689      0.954604089      0.954902232    
   1.90399551      0.930815816      0.944652915      0.944679737      0.945000827    
   1.93572891      0.920017362      0.933854342      0.933827400      0.934147835    
   1.96746206      0.909219027      0.922133565      0.922058225      0.922354281    
   1.99919546      0.898420572      0.909490228      0.909382641      0.909631968    
   2.03092861      0.887622237      0.895924449      0.895811379      0.895993769    
   2.06266189      0.876823783      0.881436110      0.881355405      0.881453335    
   2.09439516      0.866025388      0.866025388      0.866025388      0.866025388    
   2.12612844      0.845731020      0.849491000      0.849642754      0.849725366    
   2.15786171      0.825436711      0.832204700      0.832417190      0.832569778    
   2.18959498      0.805142343      0.814166427      0.814368665      0.814575911    
   2.22132826      0.784847975      0.795376003      0.795517623      0.795761764    
   2.25306153      0.764553666      0.775833726      0.775884271      0.776146352    
   2.28479457      0.744259357      0.755539536      0.755488932      0.755749643    
   2.31652808      0.723964930      0.734492958      0.734351337      0.734591603    
   2.34826112      0.703670681      0.712694705      0.712492466      0.712694228    
   2.37999463      0.683376193      0.690144181      0.689931810      0.690078855    
   2.41172767      0.663081944      0.666841984      0.666690350      0.666769028    
   2.44346094      0.642787635      0.642787635      0.642787635      0.642787635    
   2.47519422      0.615445137      0.617899299      0.618103743      0.618158996    
   2.50692749      0.588102639      0.592520118      0.592806339      0.592907906    
   2.53866076      0.560760140      0.566650093      0.566922665      0.567059815    
   2.57039404      0.533417583      0.540289283      0.540480077      0.540640771    
   2.60212731      0.506075084      0.513437629      0.513505816      0.513677359    
   2.63386059      0.478732586      0.486095130      0.486026973      0.486196667    
   2.66559386      0.451390088      0.458261758      0.458070934      0.458226442    
   2.69732690      0.424047768      0.429937780      0.429665208      0.429795027    
   2.72906041      0.396705031      0.401122570      0.400836408      0.400930405    
   2.76079369      0.369362533      0.371816695      0.371612281      0.371662319    
   2.79252696      0.342020005      0.342020005      0.342020005      0.342020005    
   2.82426000      0.310927480      0.312632143      0.312087059      0.312033504    
   2.85599351      0.279834479      0.282902867      0.281839907      0.281732380    
   2.88772678      0.248741731      0.252832890      0.251306623      0.251147777    
   2.91945982      0.217649207      0.222422242      0.220514357      0.220310554    
   2.95119309      0.186556444      0.191670418      0.189490020      0.189251244    
   2.98292661      0.155463472      0.160577416      0.158260733      0.158001155    
   3.01465988      0.124370709      0.129143760      0.126854256      0.126592189    
   3.04639292       9.32781771E-02   9.73693579E-02   9.52979401E-02   9.50560048E-02
   3.07812619       6.21854290E-02   6.52538016E-02   6.36184812E-02   6.34238645E-02
   3.10985947       3.10926698E-02   3.27973291E-02   3.18433866E-02   3.17278616E-02
   3.14159274      -8.74227766E-08  -8.74227766E-08  -8.74227766E-08  -8.74227766E-08
