#           k/h    P           
    0.10000E-03    0.50899E+03
    0.10202E-03    0.51885E+03
    0.10408E-03    0.52891E+03
    0.10618E-03    0.53915E+03
    0.10833E-03    0.54960E+03
    0.11052E-03    0.56024E+03
    0.11275E-03    0.57110E+03
    0.11503E-03    0.58216E+03
    0.11735E-03    0.59344E+03
    0.11972E-03    0.60493E+03
    0.12214E-03    0.61665E+03
    0.12461E-03    0.62859E+03
    0.12712E-03    0.64077E+03
    0.12969E-03    0.65318E+03
    0.13231E-03    0.66582E+03
    0.13499E-03    0.67872E+03
    0.13771E-03    0.69186E+03
    0.14049E-03    0.70526E+03
    0.14333E-03    0.71891E+03
    0.14623E-03    0.73283E+03
    0.14918E-03    0.74702E+03
    0.15220E-03    0.76148E+03
    0.15527E-03    0.77623E+03
    0.15841E-03    0.79125E+03
    0.16161E-03    0.80657E+03
    0.16487E-03    0.82218E+03
    0.16820E-03    0.83809E+03
    0.17160E-03    0.85431E+03
    0.17507E-03    0.87084E+03
    0.17860E-03    0.88769E+03
    0.18221E-03    0.90487E+03
    0.18589E-03    0.92238E+03
    0.18965E-03    0.94022E+03
    0.19348E-03    0.95841E+03
    0.19739E-03    0.97695E+03
    0.20138E-03    0.99584E+03
    0.20544E-03    0.10151E+04
    0.20959E-03    0.10347E+04
    0.21383E-03    0.10547E+04
    0.21815E-03    0.10751E+04
    0.22255E-03    0.10959E+04
    0.22705E-03    0.11171E+04
    0.23164E-03    0.11387E+04
    0.23632E-03    0.11607E+04
    0.24109E-03    0.11831E+04
    0.24596E-03    0.12060E+04
    0.25093E-03    0.12293E+04
    0.25600E-03    0.12530E+04
    0.26117E-03    0.12772E+04
    0.26645E-03    0.13019E+04
    0.27183E-03    0.13270E+04
    0.27732E-03    0.13526E+04
    0.28292E-03    0.13787E+04
    0.28864E-03    0.14053E+04
    0.29447E-03    0.14324E+04
    0.30042E-03    0.14601E+04
    0.30649E-03    0.14882E+04
    0.31268E-03    0.15169E+04
    0.31899E-03    0.15462E+04
    0.32544E-03    0.15760E+04
    0.33201E-03    0.16063E+04
    0.33872E-03    0.16373E+04
    0.34556E-03    0.16688E+04
    0.35254E-03    0.17010E+04
    0.35966E-03    0.17337E+04
    0.36693E-03    0.17671E+04
    0.37434E-03    0.18011E+04
    0.38190E-03    0.18357E+04
    0.38962E-03    0.18710E+04
    0.39749E-03    0.19070E+04
    0.40552E-03    0.19436E+04
    0.41371E-03    0.19810E+04
    0.42207E-03    0.20190E+04
    0.43060E-03    0.20578E+04
    0.43929E-03    0.20972E+04
    0.44817E-03    0.21375E+04
    0.45722E-03    0.21785E+04
    0.46646E-03    0.22202E+04
    0.47588E-03    0.22628E+04
    0.48550E-03    0.23061E+04
    0.49530E-03    0.23502E+04
    0.50531E-03    0.23952E+04
    0.51552E-03    0.24410E+04
    0.52593E-03    0.24877E+04
    0.53656E-03    0.25352E+04
    0.54739E-03    0.25836E+04
    0.55845E-03    0.26330E+04
    0.56973E-03    0.26832E+04
    0.58124E-03    0.27343E+04
    0.59299E-03    0.27864E+04
    0.60496E-03    0.28395E+04
    0.61719E-03    0.28936E+04
    0.62965E-03    0.29486E+04
    0.64237E-03    0.30046E+04
    0.65535E-03    0.30617E+04
    0.66859E-03    0.31198E+04
    0.68210E-03    0.31790E+04
    0.69588E-03    0.32393E+04
    0.70993E-03    0.33006E+04
    0.72427E-03    0.33631E+04
    0.73891E-03    0.34267E+04
    0.75383E-03    0.34914E+04
    0.76906E-03    0.35574E+04
    0.78460E-03    0.36245E+04
    0.80045E-03    0.36928E+04
    0.81662E-03    0.37623E+04
    0.83311E-03    0.38331E+04
    0.84994E-03    0.39051E+04
    0.86711E-03    0.39784E+04
    0.88463E-03    0.40531E+04
    0.90250E-03    0.41290E+04
    0.92073E-03    0.42063E+04
    0.93933E-03    0.42850E+04
    0.95831E-03    0.43650E+04
    0.97767E-03    0.44464E+04
    0.99742E-03    0.45293E+04
    0.10176E-02    0.46136E+04
    0.10381E-02    0.46993E+04
    0.10591E-02    0.47865E+04
    0.10805E-02    0.48753E+04
    0.11023E-02    0.49655E+04
    0.11246E-02    0.50573E+04
    0.11473E-02    0.51507E+04
    0.11705E-02    0.52457E+04
    0.11941E-02    0.53422E+04
    0.12182E-02    0.54404E+04
    0.12429E-02    0.55403E+04
    0.12680E-02    0.56418E+04
    0.12936E-02    0.57449E+04
    0.13197E-02    0.58498E+04
    0.13464E-02    0.59565E+04
    0.13736E-02    0.60648E+04
    0.14013E-02    0.61750E+04
    0.14296E-02    0.62869E+04
    0.14585E-02    0.64006E+04
    0.14880E-02    0.65162E+04
    0.15180E-02    0.66336E+04
    0.15487E-02    0.67529E+04
    0.15800E-02    0.68740E+04
    0.16119E-02    0.69971E+04
    0.16445E-02    0.71221E+04
    0.16777E-02    0.72490E+04
    0.17116E-02    0.73778E+04
    0.17462E-02    0.75087E+04
    0.17814E-02    0.76415E+04
    0.18174E-02    0.77763E+04
    0.18541E-02    0.79131E+04
    0.18916E-02    0.80520E+04
    0.19298E-02    0.81929E+04
    0.19688E-02    0.83358E+04
    0.20086E-02    0.84808E+04
    0.20491E-02    0.86279E+04
    0.20905E-02    0.87771E+04
    0.21328E-02    0.89284E+04
    0.21758E-02    0.90818E+04
    0.22198E-02    0.92373E+04
    0.22646E-02    0.93950E+04
    0.23104E-02    0.95548E+04
    0.23571E-02    0.97167E+04
    0.24047E-02    0.98807E+04
    0.24533E-02    0.10047E+05
    0.25028E-02    0.10215E+05
    0.25534E-02    0.10386E+05
    0.26050E-02    0.10558E+05
    0.26576E-02    0.10733E+05
    0.27113E-02    0.10910E+05
    0.27660E-02    0.11089E+05
    0.28219E-02    0.11270E+05
    0.28789E-02    0.11453E+05
    0.29371E-02    0.11639E+05
    0.29964E-02    0.11826E+05
    0.30569E-02    0.12015E+05
    0.31187E-02    0.12207E+05
    0.31817E-02    0.12401E+05
    0.32460E-02    0.12596E+05
    0.33115E-02    0.12794E+05
    0.33784E-02    0.12993E+05
    0.34467E-02    0.13195E+05
    0.35163E-02    0.13398E+05
    0.35874E-02    0.13604E+05
    0.36598E-02    0.13811E+05
    0.37338E-02    0.14020E+05
    0.38092E-02    0.14231E+05
    0.38861E-02    0.14443E+05
    0.39646E-02    0.14657E+05
    0.40447E-02    0.14873E+05
    0.41264E-02    0.15091E+05
    0.42098E-02    0.15310E+05
    0.42948E-02    0.15530E+05
    0.43816E-02    0.15752E+05
    0.44701E-02    0.15975E+05
    0.45604E-02    0.16200E+05
    0.46525E-02    0.16425E+05
    0.47465E-02    0.16652E+05
    0.48424E-02    0.16880E+05
    0.49402E-02    0.17109E+05
    0.50400E-02    0.17339E+05
    0.51419E-02    0.17570E+05
    0.52457E-02    0.17802E+05
    0.53517E-02    0.18034E+05
    0.54598E-02    0.18266E+05
    0.55701E-02    0.18500E+05
    0.56826E-02    0.18733E+05
    0.57974E-02    0.18967E+05
    0.59145E-02    0.19200E+05
    0.60340E-02    0.19434E+05
    0.61559E-02    0.19668E+05
    0.62803E-02    0.19901E+05
    0.64072E-02    0.20134E+05
    0.65366E-02    0.20367E+05
    0.66686E-02    0.20599E+05
    0.68033E-02    0.20829E+05
    0.69408E-02    0.21059E+05
    0.70810E-02    0.21288E+05
    0.72240E-02    0.21516E+05
    0.73700E-02    0.21742E+05
    0.75189E-02    0.21966E+05
    0.76708E-02    0.22189E+05
    0.78257E-02    0.22410E+05
    0.79838E-02    0.22628E+05
    0.81451E-02    0.22844E+05
    0.83096E-02    0.23058E+05
    0.84775E-02    0.23269E+05
    0.86488E-02    0.23477E+05
    0.88235E-02    0.23681E+05
    0.90017E-02    0.23883E+05
    0.91836E-02    0.24080E+05
    0.93691E-02    0.24274E+05
    0.95583E-02    0.24464E+05
    0.97514E-02    0.24649E+05
    0.99484E-02    0.24830E+05
    0.10149E-01    0.25006E+05
    0.10354E-01    0.25177E+05
    0.10564E-01    0.25343E+05
    0.10777E-01    0.25503E+05
    0.10995E-01    0.25657E+05
    0.11217E-01    0.25806E+05
    0.11443E-01    0.25948E+05
    0.11675E-01    0.26083E+05
    0.11910E-01    0.26211E+05
    0.12151E-01    0.26333E+05
    0.12397E-01    0.26446E+05
    0.12647E-01    0.26552E+05
    0.12902E-01    0.26650E+05
    0.13163E-01    0.26740E+05
    0.13429E-01    0.26821E+05
    0.13700E-01    0.26894E+05
    0.13977E-01    0.26957E+05
    0.14259E-01    0.27011E+05
    0.14547E-01    0.27055E+05
    0.14841E-01    0.27089E+05
    0.15141E-01    0.27112E+05
    0.15447E-01    0.27126E+05
    0.15759E-01    0.27128E+05
    0.16077E-01    0.27120E+05
    0.16402E-01    0.27100E+05
    0.16734E-01    0.27069E+05
    0.17072E-01    0.27026E+05
    0.17416E-01    0.26972E+05
    0.17768E-01    0.26905E+05
    0.18127E-01    0.26826E+05
    0.18493E-01    0.26735E+05
    0.18867E-01    0.26631E+05
    0.19248E-01    0.26514E+05
    0.19637E-01    0.26385E+05
    0.20034E-01    0.26243E+05
    0.20438E-01    0.26088E+05
    0.20851E-01    0.25920E+05
    0.21272E-01    0.25740E+05
    0.21702E-01    0.25547E+05
    0.22141E-01    0.25341E+05
    0.22588E-01    0.25122E+05
    0.23044E-01    0.24891E+05
    0.23510E-01    0.24648E+05
    0.23985E-01    0.24394E+05
    0.24469E-01    0.24127E+05
    0.24964E-01    0.23849E+05
    0.25468E-01    0.23561E+05
    0.25982E-01    0.23262E+05
    0.26507E-01    0.22953E+05
    0.27043E-01    0.22634E+05
    0.27589E-01    0.22307E+05
    0.28146E-01    0.21971E+05
    0.28715E-01    0.21628E+05
    0.29295E-01    0.21278E+05
    0.29887E-01    0.20922E+05
    0.30490E-01    0.20561E+05
    0.31106E-01    0.20195E+05
    0.31735E-01    0.19825E+05
    0.32376E-01    0.19452E+05
    0.33030E-01    0.19078E+05
    0.33697E-01    0.18703E+05
    0.34378E-01    0.18328E+05
    0.35072E-01    0.17954E+05
    0.35781E-01    0.17583E+05
    0.36504E-01    0.17215E+05
    0.37241E-01    0.16851E+05
    0.37993E-01    0.16491E+05
    0.38761E-01    0.16137E+05
    0.39544E-01    0.15788E+05
    0.40343E-01    0.15445E+05
    0.41158E-01    0.15111E+05
    0.41989E-01    0.14786E+05
    0.42838E-01    0.14471E+05
    0.43703E-01    0.14168E+05
    0.44586E-01    0.13877E+05
    0.45486E-01    0.13599E+05
    0.46405E-01    0.13332E+05
    0.47343E-01    0.13077E+05
    0.48299E-01    0.12835E+05
    0.49275E-01    0.12604E+05
    0.50270E-01    0.12385E+05
    0.51286E-01    0.12178E+05
    0.52322E-01    0.11981E+05
    0.53379E-01    0.11796E+05
    0.54457E-01    0.11619E+05
    0.55557E-01    0.11450E+05
    0.56680E-01    0.11288E+05
    0.57825E-01    0.11132E+05
    0.58993E-01    0.10979E+05
    0.60184E-01    0.10829E+05
    0.61400E-01    0.10680E+05
    0.62641E-01    0.10531E+05
    0.63906E-01    0.10381E+05
    0.65197E-01    0.10228E+05
    0.66514E-01    0.10070E+05
    0.67858E-01    0.99068E+04
    0.69229E-01    0.97360E+04
    0.70627E-01    0.95566E+04
    0.72054E-01    0.93673E+04
    0.73510E-01    0.91673E+04
    0.74994E-01    0.89556E+04
    0.76509E-01    0.87324E+04
    0.78055E-01    0.84978E+04
    0.79632E-01    0.82524E+04
    0.81241E-01    0.79977E+04
    0.82882E-01    0.77354E+04
    0.84556E-01    0.74676E+04
    0.86264E-01    0.71969E+04
    0.88007E-01    0.69258E+04
    0.89785E-01    0.66573E+04
    0.91598E-01    0.63941E+04
    0.93449E-01    0.61390E+04
    0.95337E-01    0.58947E+04
    0.97263E-01    0.56634E+04
    0.99227E-01    0.54471E+04
    0.10123E+00    0.52475E+04
    0.10328E+00    0.50658E+04
    0.10536E+00    0.49026E+04
    0.10749E+00    0.47577E+04
    0.10966E+00    0.46307E+04
    0.11188E+00    0.45200E+04
    0.11414E+00    0.44237E+04
    0.11644E+00    0.43392E+04
    0.11880E+00    0.42631E+04
    0.12120E+00    0.41922E+04
    0.12365E+00    0.41224E+04
    0.12614E+00    0.40503E+04
    0.12869E+00    0.39725E+04
    0.13129E+00    0.38863E+04
    0.13394E+00    0.37900E+04
    0.13665E+00    0.36827E+04
    0.13941E+00    0.35644E+04
    0.14223E+00    0.34360E+04
    0.14510E+00    0.32994E+04
    0.14803E+00    0.31568E+04
    0.15102E+00    0.30119E+04
    0.15407E+00    0.28684E+04
    0.15718E+00    0.27309E+04
    0.16036E+00    0.26033E+04
    0.16360E+00    0.24886E+04
    0.16690E+00    0.23885E+04
    0.17028E+00    0.23031E+04
    0.17371E+00    0.22312E+04
    0.17722E+00    0.21709E+04
    0.18080E+00    0.21198E+04
    0.18446E+00    0.20748E+04
    0.18818E+00    0.20321E+04
    0.19198E+00    0.19875E+04
    0.19586E+00    0.19375E+04
    0.19982E+00    0.18799E+04
    0.20386E+00    0.18142E+04
    0.20797E+00    0.17417E+04
    0.21218E+00    0.16646E+04
    0.21646E+00    0.15858E+04
    0.22083E+00    0.15085E+04
    0.22530E+00    0.14363E+04
    0.22985E+00    0.13719E+04
    0.23449E+00    0.13166E+04
    0.23923E+00    0.12701E+04
    0.24406E+00    0.12310E+04
    0.24899E+00    0.11971E+04
    0.25402E+00    0.11653E+04
    0.25915E+00    0.11325E+04
    0.26439E+00    0.10963E+04
    0.26973E+00    0.10560E+04
    0.27518E+00    0.10123E+04
    0.28074E+00    0.96682E+03
    0.28641E+00    0.92155E+03
    0.29219E+00    0.87900E+03
    0.29810E+00    0.84103E+03
    0.30412E+00    0.80811E+03
    0.31026E+00    0.77954E+03
    0.31653E+00    0.75390E+03
    0.32292E+00    0.72937E+03
    0.32945E+00    0.70412E+03
    0.33610E+00    0.67724E+03
    0.34289E+00    0.64898E+03
    0.34982E+00    0.62031E+03
    0.35689E+00    0.59258E+03
    0.36409E+00    0.56699E+03
    0.37145E+00    0.54399E+03
    0.37895E+00    0.52330E+03
    0.38661E+00    0.50409E+03
    0.39442E+00    0.48527E+03
    0.40239E+00    0.46614E+03
    0.41052E+00    0.44670E+03
    0.41881E+00    0.42736E+03
    0.42727E+00    0.40882E+03
    0.43590E+00    0.39161E+03
    0.44471E+00    0.37572E+03
    0.45369E+00    0.36084E+03
    0.46286E+00    0.34645E+03
    0.47221E+00    0.33220E+03
    0.48174E+00    0.31811E+03
    0.49148E+00    0.30441E+03
    0.50141E+00    0.29143E+03
    0.51153E+00    0.27921E+03
    0.52187E+00    0.26767E+03
    0.53241E+00    0.25654E+03
    0.54317E+00    0.24571E+03
    0.55414E+00    0.23516E+03
    0.56533E+00    0.22504E+03
    0.57675E+00    0.21541E+03
    0.58840E+00    0.20626E+03
    0.60029E+00    0.19748E+03
    0.61242E+00    0.18899E+03
    0.62479E+00    0.18081E+03
    0.63741E+00    0.17299E+03
    0.65029E+00    0.16549E+03
    0.66342E+00    0.15831E+03
    0.67683E+00    0.15143E+03
    0.69050E+00    0.14483E+03
    0.70445E+00    0.13850E+03
    0.71868E+00    0.13244E+03
    0.73320E+00    0.12664E+03
    0.74801E+00    0.12107E+03
    0.76312E+00    0.11574E+03
    0.77854E+00    0.11064E+03
    0.79426E+00    0.10575E+03
    0.81031E+00    0.10106E+03
    0.82668E+00    0.96575E+02
    0.84338E+00    0.92279E+02
    0.86041E+00    0.88165E+02
    0.87780E+00    0.84227E+02
    0.89553E+00    0.80457E+02
    0.91362E+00    0.76849E+02
    0.93208E+00    0.73397E+02
    0.95091E+00    0.70093E+02
    0.97011E+00    0.66932E+02
    0.98971E+00    0.63908E+02
    0.10097E+01    0.61016E+02
    0.10301E+01    0.58250E+02
    0.10509E+01    0.55604E+02
    0.10721E+01    0.53075E+02
    0.10938E+01    0.50656E+02
    0.11159E+01    0.48344E+02
    0.11384E+01    0.46134E+02
    0.11614E+01    0.44021E+02
    0.11849E+01    0.42002E+02
    0.12088E+01    0.40072E+02
    0.12333E+01    0.38228E+02
    0.12582E+01    0.36466E+02
    0.12836E+01    0.34783E+02
    0.13095E+01    0.33175E+02
    0.13360E+01    0.31638E+02
    0.13630E+01    0.30171E+02
    0.13905E+01    0.28770E+02
    0.14186E+01    0.27431E+02
    0.14472E+01    0.26154E+02
    0.14765E+01    0.24933E+02
    0.15063E+01    0.23768E+02
    0.15367E+01    0.22656E+02
    0.15678E+01    0.21595E+02
    0.15994E+01    0.20582E+02
    0.16318E+01    0.19615E+02
    0.16647E+01    0.18692E+02
    0.16984E+01    0.17811E+02
    0.17327E+01    0.16971E+02
    0.17677E+01    0.16169E+02
    0.18034E+01    0.15405E+02
    0.18398E+01    0.14675E+02
    0.18770E+01    0.13979E+02
    0.19149E+01    0.13315E+02
    0.19536E+01    0.12682E+02
    0.19930E+01    0.12079E+02
    0.20333E+01    0.11503E+02
    0.20744E+01    0.10954E+02
    0.21163E+01    0.10431E+02
    0.21590E+01    0.99317E+01
    0.22026E+01    0.94560E+01
    0.22471E+01    0.90027E+01
    0.22925E+01    0.85705E+01
    0.23388E+01    0.81586E+01
    0.23861E+01    0.77661E+01
    0.24343E+01    0.73920E+01
    0.24835E+01    0.70355E+01
    0.25336E+01    0.66959E+01
    0.25848E+01    0.63723E+01
    0.26370E+01    0.60640E+01
    0.26903E+01    0.57703E+01
    0.27447E+01    0.54905E+01
    0.28001E+01    0.52240E+01
    0.28567E+01    0.49702E+01
    0.29144E+01    0.47284E+01
    0.29733E+01    0.44982E+01
    0.30333E+01    0.42790E+01
    0.30946E+01    0.40702E+01
    0.31571E+01    0.38714E+01
    0.32209E+01    0.36822E+01
    0.32860E+01    0.35020E+01
    0.33523E+01    0.33305E+01
    0.34201E+01    0.31672E+01
    0.34892E+01    0.30117E+01
    0.35596E+01    0.28638E+01
    0.36316E+01    0.27230E+01
    0.37049E+01    0.25890E+01
    0.37798E+01    0.24614E+01
    0.38561E+01    0.23401E+01
    0.39340E+01    0.22246E+01
    0.40135E+01    0.21147E+01
    0.40946E+01    0.20102E+01
    0.41773E+01    0.19107E+01
    0.42617E+01    0.18161E+01
    0.43478E+01    0.17260E+01
    0.44356E+01    0.16404E+01
    0.45252E+01    0.15590E+01
    0.46166E+01    0.14815E+01
    0.47099E+01    0.14078E+01
    0.48050E+01    0.13377E+01
    0.49021E+01    0.12711E+01
    0.50011E+01    0.12077E+01
    0.51021E+01    0.11474E+01
    0.52052E+01    0.10901E+01
    0.53104E+01    0.10357E+01
    0.54176E+01    0.98385E+00
    0.55271E+01    0.93460E+00
    0.56387E+01    0.88778E+00
    0.57526E+01    0.84327E+00
    0.58689E+01    0.80095E+00
    0.59874E+01    0.76074E+00
    0.61084E+01    0.72251E+00
    0.62318E+01    0.68617E+00
    0.63577E+01    0.65164E+00
    0.64861E+01    0.61882E+00
    0.66171E+01    0.58764E+00
    0.67508E+01    0.55800E+00
    0.68872E+01    0.52983E+00
    0.70263E+01    0.50307E+00
    0.71682E+01    0.47765E+00
    0.73130E+01    0.45349E+00
    0.74608E+01    0.43053E+00
    0.76115E+01    0.40873E+00
    0.77653E+01    0.38801E+00
    0.79221E+01    0.36833E+00
    0.80822E+01    0.34964E+00
    0.82454E+01    0.33188E+00
    0.84120E+01    0.31502E+00
    0.85819E+01    0.29900E+00
    0.87553E+01    0.28378E+00
    0.89322E+01    0.26933E+00
    0.91126E+01    0.25561E+00
    0.92967E+01    0.24258E+00
    0.94845E+01    0.23020E+00
    0.96761E+01    0.21845E+00
    0.98716E+01    0.20729E+00
    0.10071E+02    0.19670E+00
    0.10274E+02    0.18664E+00
    0.10482E+02    0.17709E+00
    0.10694E+02    0.16802E+00
    0.10910E+02    0.15941E+00
    0.11130E+02    0.15124E+00
    0.11355E+02    0.14348E+00
    0.11584E+02    0.13611E+00
    0.11818E+02    0.12912E+00
    0.12057E+02    0.12249E+00
    0.12301E+02    0.11619E+00
    0.12549E+02    0.11021E+00
    0.12803E+02    0.10454E+00
    0.13061E+02    0.99152E-01
    0.13325E+02    0.94042E-01
    0.13594E+02    0.89193E-01
    0.13869E+02    0.84591E-01
    0.14149E+02    0.80224E-01
    0.14435E+02    0.76080E-01
    0.14727E+02    0.72149E-01
    0.15024E+02    0.68418E-01
    0.15328E+02    0.64878E-01
    0.15637E+02    0.61520E-01
    0.15953E+02    0.58333E-01
    0.16275E+02    0.55310E-01
    0.16604E+02    0.52443E-01
    0.16940E+02    0.49722E-01
    0.17282E+02    0.47141E-01
    0.17631E+02    0.44693E-01
    0.17987E+02    0.42371E-01
    0.18351E+02    0.40169E-01
    0.18721E+02    0.38079E-01
    0.19099E+02    0.36098E-01
    0.19485E+02    0.34218E-01
    0.19879E+02    0.32436E-01
    0.20280E+02    0.30745E-01
    0.20690E+02    0.29142E-01
    0.21108E+02    0.27622E-01
    0.21535E+02    0.26180E-01
    0.21970E+02    0.24813E-01
    0.22413E+02    0.23516E-01
    0.22866E+02    0.22287E-01
    0.23328E+02    0.21121E-01
    0.23799E+02    0.20016E-01
    0.24280E+02    0.18968E-01
    0.24771E+02    0.17975E-01
    0.25271E+02    0.17033E-01
    0.25782E+02    0.16140E-01
    0.26302E+02    0.15293E-01
    0.26834E+02    0.14490E-01
    0.27376E+02    0.13729E-01
    0.27929E+02    0.13008E-01
    0.28493E+02    0.12324E-01
    0.29069E+02    0.11676E-01
    0.29656E+02    0.11062E-01
    0.30255E+02    0.10480E-01
    0.30866E+02    0.99278E-02
    0.31490E+02    0.94047E-02
    0.32126E+02    0.89089E-02
    0.32775E+02    0.84391E-02
    0.33437E+02    0.79937E-02
    0.34112E+02    0.75717E-02
    0.34801E+02    0.71717E-02
    0.35504E+02    0.67927E-02
    0.36222E+02    0.64335E-02
    0.36953E+02    0.60932E-02
    0.37700E+02    0.57707E-02
    0.38462E+02    0.54651E-02
    0.39239E+02    0.51755E-02
    0.40031E+02    0.49011E-02
    0.40840E+02    0.46412E-02
    0.41665E+02    0.43949E-02
    0.42507E+02    0.41616E-02
    0.43365E+02    0.39405E-02
    0.44241E+02    0.37310E-02
    0.45135E+02    0.35326E-02
    0.46047E+02    0.33447E-02
    0.46977E+02    0.31666E-02
    0.47926E+02    0.29979E-02
    0.48894E+02    0.28381E-02
    0.49882E+02    0.26868E-02
    0.50890E+02    0.25434E-02
    0.51918E+02    0.24076E-02
    0.52966E+02    0.22790E-02
    0.54036E+02    0.21572E-02
    0.55128E+02    0.20418E-02
    0.56242E+02    0.19325E-02
    0.57378E+02    0.18290E-02
    0.58537E+02    0.17310E-02
    0.59720E+02    0.16382E-02
    0.60926E+02    0.15503E-02
    0.62157E+02    0.14670E-02
    0.63412E+02    0.13882E-02
    0.64693E+02    0.13136E-02
    0.66000E+02    0.12429E-02
    0.67334E+02    0.11760E-02
    0.68694E+02    0.11126E-02
    0.70082E+02    0.10527E-02
    0.71497E+02    0.99588E-03
    0.72942E+02    0.94213E-03
    0.74415E+02    0.89123E-03
    0.75918E+02    0.84304E-03
    0.77452E+02    0.79742E-03
    0.79017E+02    0.75422E-03
    0.80613E+02    0.71333E-03
    0.82241E+02    0.67460E-03
    0.83903E+02    0.63794E-03
    0.85598E+02    0.60323E-03
    0.87327E+02    0.57037E-03
    0.89091E+02    0.53926E-03
    0.90891E+02    0.50982E-03
    0.92727E+02    0.48195E-03
    0.94600E+02    0.45559E-03
    0.96511E+02    0.43065E-03
    0.98461E+02    0.40706E-03
    0.10045E+03    0.38475E-03
    0.10248E+03    0.36366E-03
    0.10455E+03    0.34372E-03
    0.10666E+03    0.32486E-03
