   0.00000000       1.00000000       1.00902629       1.00902629    
   1.57868974E-02  0.999875367       1.00643373       1.00655913    
   3.15737948E-02  0.999501586       1.00384128       1.00434184    
   4.73606922E-02  0.998878717       1.00124872       1.00237262    
   6.31475896E-02  0.998006880      0.998656154       1.00065053    
   7.89344907E-02  0.996886313      0.996063650      0.999174774    
   9.47213843E-02  0.995517254      0.993471086      0.997944593    
  0.110508293      0.993900180      0.990878582      0.996959865    
  0.126295179      0.992035329      0.988286018      0.996220589    
  0.142082080      0.989923298      0.985693514      0.995727181    
  0.157868981      0.987564564      0.983100951      0.995480180    
  0.173655882      0.984959662      0.986447930       1.00151098    
  0.189442769      0.982109308      0.982594490       1.00049400    
  0.205229685      0.979014218      0.978741050      0.999720991    
  0.221016586      0.975675106      0.974887609      0.999192894    
  0.236803472      0.972092807      0.971034169      0.998910964    
  0.252590358      0.968268335      0.967180729      0.998876750    
  0.268377274      0.964202464      0.963327348      0.999092400    
  0.284164160      0.959896326      0.959473908      0.999559939    
  0.299951077      0.955350935      0.955620468       1.00028217    
  0.315737963      0.950567484      0.951767027       1.00126195    
  0.331524879      0.945547104      0.947419286       1.00197995    
  0.347311765      0.940291107      0.941113830       1.00087500    
  0.363098651      0.934800744      0.934808373       1.00000811    
  0.378885537      0.929077446      0.928502917      0.999381602    
  0.394672453      0.923122585      0.922197342      0.998997688    
  0.410459369      0.916937590      0.915891886      0.998859584    
  0.426246256      0.910524189      0.909586430      0.998970091    
  0.442033172      0.903883815      0.903280914      0.999332964    
  0.457820028      0.897018135      0.896975458      0.999952435    
  0.473606944      0.889928937      0.890669942       1.00083268    
  0.489393830      0.882617950      0.884364486       1.00197875    
  0.505180717      0.875087023      0.876203537       1.00127590    
  0.520967662      0.867337942      0.867617965       1.00032282    
  0.536754549      0.859372735      0.859032512      0.999604106    
  0.552541435      0.851193368      0.850446999      0.999123156    
  0.568328321      0.842801869      0.841861486      0.998884201    
  0.584115207      0.834200323      0.833275974      0.998891950    
  0.599902153      0.825390875      0.824690402      0.999151349    
  0.615689039      0.816375732      0.816104889      0.999668241    
  0.631475925      0.807157099      0.807519376       1.00044882    
  0.647262812      0.797737300      0.798933864       1.00149989    
  0.663049757      0.788118720      0.789442301       1.00167942    
  0.678836584      0.778303742      0.778810918       1.00065160    
  0.694623530      0.768294752      0.768179476      0.999849975    
  0.710410416      0.758094311      0.757548094      0.999279499    
  0.726197302      0.747704923      0.746916652      0.998945773    
  0.741984248      0.737129152      0.736285210      0.998855114    
  0.757771075      0.726369739      0.725653887      0.999014497    
  0.773558021      0.715429246      0.715022445      0.999431372    
  0.789344907      0.704310536      0.704391003       1.00011420    
  0.805131853      0.693016171      0.693759561       1.00107265    
  0.820918739      0.681549191      0.683128238       1.00231683    
  0.836705565      0.669912398      0.670559883       1.00096655    
  0.852492511      0.658108532      0.658172607       1.00009739    
  0.868279397      0.646140695      0.645785332      0.999450028    
  0.884066343      0.634011805      0.633397996      0.999031842    
  0.899853170      0.621724963      0.621010780      0.998851299    
  0.915640056      0.609283149      0.608623505      0.998917341    
  0.931427002      0.596689463      0.596236169      0.999240339    
  0.947213888      0.583947122      0.583848894      0.999831796    
  0.963000834      0.571059167      0.571461558       1.00070465    
  0.978787661      0.558028996      0.559074402       1.00187337    
  0.994574606      0.544859648      0.545521498       1.00121474    
   1.01036143      0.531554639      0.531716347       1.00030422    
   1.02614832      0.518117070      0.517911077      0.999602437    
   1.04193532      0.504550278      0.504105806      0.999119103    
   1.05772221      0.490857840      0.490300536      0.998864651    
   1.07350910      0.477043092      0.476495355      0.998851836    
   1.08929598      0.463109463      0.462690115      0.999094486    
   1.10508287      0.449060380      0.448884904      0.999609232    
   1.12086976      0.434899420      0.435079664       1.00041449    
   1.13665664      0.420630038      0.421274424       1.00153196    
   1.15244353      0.406255871      0.407469183       1.00298655    
   1.16823041      0.391780406      0.391921103       1.00035918    
   1.18401742      0.377207220      0.377074420      0.999647915    
   1.19980431      0.362540156      0.362227738      0.999138236    
   1.21559107      0.347782820      0.347381175      0.998845100    
   1.23137808      0.332938582      0.332534432      0.998786092    
   1.24716496      0.318011492      0.317687750      0.998981953    
   1.26295185      0.303005159      0.302841067      0.999458432    
   1.27873874      0.287923276      0.287994504       1.00024736    
   1.29452562      0.272769660      0.273147821       1.00138640    
   1.31031251      0.257548064      0.258301139       1.00292397    
   1.32609951      0.242262185      0.242229640      0.999865651    
   1.34188628      0.226916134      0.226746678      0.999253213    
   1.35767317      0.211513430      0.211263597      0.998818815    
   1.37346017      0.196057886      0.195780456      0.998584986    
   1.38924706      0.180553600      0.180297375      0.998580873    
   1.40503395      0.165004313      0.164814293      0.998848379    
   1.42082083      0.149413899      0.149331272      0.999446988    
   1.43660784      0.133786142      0.133848071       1.00046289    
   1.45239460      0.118125267      0.118365109       1.00203037    
   1.46818149      0.102434844      0.102882087       1.00436616    
   1.48396850       8.67187679E-02   8.73988867E-02   1.00784278    
   1.49975538       7.09812045E-02   7.06371665E-02  0.995153129    
   1.51554215       5.52260652E-02   5.49401641E-02  0.994823098    
   1.53132915       3.94569263E-02   3.92428637E-02  0.994574785    
   1.54711604       2.36780718E-02   2.35457420E-02  0.994411290    
   1.56290281       7.89343659E-03   7.84873962E-03  0.994337440    
   1.57868981      -7.89340492E-03  -7.84856081E-03  0.994318783    
   1.59447670      -2.36781593E-02  -2.35456824E-02  0.994405091    
   1.61026371      -3.94571312E-02  -3.92429233E-02  0.994571149    
   1.62605047      -5.52260354E-02  -5.49400449E-02  0.994821429    
   1.64183748      -7.09814131E-02  -7.06372857E-02  0.995151877    
   1.65762436      -8.67189765E-02  -8.73993039E-02   1.00784516    
   1.67341113     -0.102434814     -0.102882326       1.00436878    
   1.68919814     -0.118125357     -0.118365467       1.00203264    
   1.70498502     -0.133786350     -0.133848548       1.00046492    
   1.72077179     -0.149413869     -0.149331510      0.999448776    
   1.73655879     -0.165004402     -0.164814651      0.998850048    
   1.75234568     -0.180553675     -0.180297732      0.998582482    
   1.76813269     -0.196058080     -0.195780933      0.998586416    
   1.78391945     -0.211513400     -0.211263835      0.998820126    
   1.79970634     -0.226916105     -0.226746917      0.999254405    
   1.81549335     -0.242262378     -0.242230117      0.999866843    
   1.83128011     -0.257548034     -0.258301079       1.00292385    
   1.84706712     -0.272769749     -0.273147821       1.00138605    
   1.86285400     -0.287923366     -0.287994444       1.00024688    
   1.87864089     -0.303005248     -0.302841067      0.999458134    
   1.89442778     -0.318011582     -0.317687690      0.998981535    
   1.91021466     -0.332938671     -0.332534313      0.998785496    
   1.92600167     -0.347782910     -0.347381115      0.998844683    
   1.94178843     -0.362540215     -0.362227619      0.999137759    
   1.95757532     -0.377207309     -0.377074242      0.999647260    
   1.97336233     -0.391780496     -0.391920984       1.00035858    
   1.98914921     -0.406255931     -0.407469094       1.00298619    
   2.00493598     -0.420630008     -0.421274245       1.00153160    
   2.02072287     -0.434899390     -0.435079455       1.00041401    
   2.03650999     -0.449060589     -0.448884964      0.999608934    
   2.05229664     -0.463109434     -0.462689936      0.999094188    
   2.06808352     -0.477043062     -0.476495206      0.998851538    
   2.08387065     -0.490858048     -0.490300596      0.998864353    
   2.09965754     -0.504550457     -0.504105866      0.999118865    
   2.11544442     -0.518117130     -0.517911077      0.999602318    
   2.13123131     -0.531554699     -0.531716347       1.00030410    
   2.14701819     -0.544859767     -0.545521557       1.00121462    
   2.16280508     -0.558029056     -0.559074461       1.00187337    
   2.17859197     -0.571059287     -0.571461678       1.00070465    
   2.19437885     -0.583947182     -0.583848953      0.999831796    
   2.21016574     -0.596689522     -0.596236289      0.999240398    
   2.22595263     -0.609283209     -0.608623505      0.998917222    
   2.24173951     -0.621725023     -0.621010840      0.998851299    
   2.25752640     -0.634011865     -0.633398056      0.999031842    
   2.27331328     -0.646140695     -0.645785332      0.999450028    
   2.28910017     -0.658108532     -0.658172607       1.00009739    
   2.30488706     -0.669912338     -0.670559883       1.00096667    
   2.32067418     -0.681549370     -0.683128238       1.00231659    
   2.33646083     -0.693016231     -0.693759501       1.00107253    
   2.35224795     -0.704310656     -0.704391062       1.00011420    
   2.36803484     -0.715429425     -0.715022445      0.999431133    
   2.38382149     -0.726369679     -0.725653648      0.999014258    
   2.39960861     -0.737129271     -0.736285269      0.998854995    
   2.41539550     -0.747704983     -0.746916652      0.998945653    
   2.43118215     -0.758094251     -0.757547855      0.999279261    
   2.44696927     -0.768294811     -0.768179417      0.999849796    
   2.46275616     -0.778303802     -0.778810859       1.00065148    
   2.47854304     -0.788118780     -0.789442241       1.00167930    
   2.49432993     -0.797737360     -0.798933983       1.00150001    
   2.51011682     -0.807157159     -0.807519436       1.00044882    
   2.52590370     -0.816375732     -0.816105008      0.999668360    
   2.54169059     -0.825390935     -0.824690580      0.999151468    
   2.55747747     -0.834200382     -0.833276033      0.998891950    
   2.57326436     -0.842801929     -0.841861606      0.998884261    
   2.58905125     -0.851193428     -0.850447059      0.999123156    
   2.60483813     -0.859372795     -0.859032631      0.999604166    
   2.62062502     -0.867338002     -0.867618084       1.00032294    
   2.63641214     -0.875087142     -0.876203775       1.00127602    
   2.65219903     -0.882618070     -0.884364843       1.00197911    
   2.66798592     -0.889929056     -0.890670300       1.00083292    
   2.68377256     -0.897018135     -0.896975636      0.999952614    
   2.69955945     -0.903883755     -0.903281093      0.999333262    
   2.71534634     -0.910524130     -0.909586549      0.998970270    
   2.73113346     -0.916937709     -0.915892124      0.998859704    
   2.74692035     -0.923122585     -0.922197580      0.998997986    
   2.76270723     -0.929077506     -0.928503156      0.999381781    
   2.77849412     -0.934800804     -0.934808612       1.00000834    
   2.79428077     -0.940291047     -0.941113949       1.00087512    
   2.81006789     -0.945547163     -0.947419524       1.00198019    
   2.82585478     -0.950567544     -0.951767087       1.00126195    
   2.84164166     -0.955350995     -0.955620527       1.00028217    
   2.85742855     -0.959896326     -0.959473968      0.999559999    
   2.87321568     -0.964202523     -0.963327408      0.999092400    
   2.88900256     -0.968268394     -0.967180848      0.998876810    
   2.90478921     -0.972092867     -0.971034229      0.998910964    
   2.92057610     -0.975675106     -0.974887669      0.999192953    
   2.93636298     -0.979014218     -0.978741050      0.999720991    
   2.95214987     -0.982109308     -0.982594490       1.00049400    
   2.96793699     -0.984959722     -0.986447930       1.00151098    
   2.98372388     -0.987564564     -0.983101010      0.995480239    
   2.99951077     -0.989923358     -0.985693574      0.995727181    
   3.01529741     -0.992035329     -0.988286018      0.996220589    
   3.03108430     -0.993900180     -0.990878582      0.996959865    
   3.04687142     -0.995517313     -0.993471146      0.997944593    
   3.06265831     -0.996886313     -0.996063650      0.999174774    
   3.07844520     -0.998006880     -0.998656154       1.00065053    
   3.09423208     -0.998878717      -1.00124872       1.00237262    
   3.11001921     -0.999501586      -1.00384128       1.00434184    
   3.12580562     -0.999875367      -1.00643373       1.00655913    
   3.14159274      -1.00000000      -1.00902629       1.00902629    
