   0.00000000       1.00000000       1.00022197       1.00022197    
   1.57868974E-02  0.999875367       1.00003088       1.00015557    
   3.15737948E-02  0.999501586      0.999599040       1.00009751    
   4.73606922E-02  0.998878717      0.998926401       1.00004768    
   6.31475896E-02  0.998006880      0.998012960       1.00000608    
   7.89344907E-02  0.996886313      0.996858776      0.999972403    
   9.47213843E-02  0.995517254      0.995463789      0.999946296    
  0.110508293      0.993900180      0.993828058      0.999927461    
  0.126295179      0.992035329      0.991951525      0.999915540    
  0.142082080      0.989923298      0.989834189      0.999909997    
  0.157868981      0.987564564      0.987476110      0.999910414    
  0.173655882      0.984959662      0.984877288      0.999916375    
  0.189442769      0.982109308      0.982037604      0.999926984    
  0.205229685      0.979014218      0.978957236      0.999941826    
  0.221016586      0.975675106      0.975636005      0.999959946    
  0.236803472      0.972092807      0.972074032      0.999980688    
  0.252590358      0.968268335      0.968271315       1.00000310    
  0.268377274      0.964202464      0.964227796       1.00002623    
  0.284164160      0.959896326      0.959943473       1.00004911    
  0.299951077      0.955350935      0.955418408       1.00007057    
  0.315737963      0.950567484      0.950652599       1.00008953    
  0.331524879      0.945547104      0.945402682      0.999847233    
  0.347311765      0.940291107      0.940162659      0.999863386    
  0.363098651      0.934800744      0.934695184      0.999887049    
  0.378885537      0.929077446      0.929000258      0.999916911    
  0.394672453      0.923122585      0.923077822      0.999951482    
  0.410459369      0.916937590      0.916927934      0.999989450    
  0.426246256      0.910524189      0.910550594       1.00002897    
  0.442033172      0.903883815      0.903945804       1.00006855    
  0.457820028      0.897018135      0.897113562       1.00010633    
  0.473606944      0.889928937      0.890053868       1.00014043    
  0.489393830      0.882617950      0.882766724       1.00016856    
  0.505180717      0.875087023      0.874898374      0.999784410    
  0.520967662      0.867337942      0.867177367      0.999814868    
  0.536754549      0.859372735      0.859248519      0.999855459    
  0.552541435      0.851193368      0.851111650      0.999903977    
  0.568328321      0.842801869      0.842766881      0.999958515    
  0.584115207      0.834200323      0.834214211       1.00001669    
  0.599902153      0.825390875      0.825453579       1.00007594    
  0.615689039      0.816375732      0.816485047       1.00013387    
  0.631475925      0.807157099      0.807308555       1.00018764    
  0.647262812      0.797737300      0.797924161       1.00023425    
  0.663049757      0.788118720      0.787871361      0.999686122    
  0.678836584      0.778303742      0.778086364      0.999720693    
  0.694623530      0.768294752      0.768118560      0.999770701    
  0.710410416      0.758094311      0.757968068      0.999833465    
  0.726197302      0.747704923      0.747634828      0.999906242    
  0.741984248      0.737129152      0.737118781      0.999985933    
  0.757771075      0.726369739      0.726420105       1.00006938    
  0.773558021      0.715429246      0.715538621       1.00015283    
  0.789344907      0.704310536      0.704474449       1.00023270    
  0.805131853      0.693016171      0.693227470       1.00030494    
  0.820918739      0.681549191      0.681797743       1.00036466    
  0.836705565      0.669912398      0.669639468      0.999592602    
  0.852492511      0.658108532      0.657878399      0.999650300    
  0.868279397      0.646140695      0.645964861      0.999727845    
  0.884066343      0.634011805      0.633898735      0.999821663    
  0.899853170      0.621724963      0.621680140      0.999927878    
  0.915640056      0.609283149      0.609308898       1.00004232    
  0.931427002      0.596689463      0.596785069       1.00016022    
  0.947213888      0.583947122      0.584108770       1.00027680    
  0.963000834      0.571059167      0.571279883       1.00038648    
  0.978787661      0.558028996      0.558298469       1.00048292    
  0.994574606      0.544859648      0.544537067      0.999407947    
   1.01036143      0.531554639      0.531273186      0.999470532    
   1.02614832      0.518117070      0.517891049      0.999563754    
   1.04193532      0.504550278      0.504390597      0.999683499    
   1.05772221      0.490857840      0.490772009      0.999825120    
   1.07350910      0.477043092      0.477035224      0.999983490    
   1.08929598      0.463109463      0.463180244       1.00015283    
   1.10508287      0.449060380      0.449207067       1.00032663    
   1.12086976      0.434899420      0.435115576       1.00049698    
   1.13665664      0.420630038      0.420905948       1.00065589    
   1.15244353      0.406255871      0.406578064       1.00079310    
   1.16823041      0.391780406      0.391453922      0.999166667    
   1.18401742      0.377207220      0.376934052      0.999275804    
   1.19980431      0.362540156      0.362333596      0.999430239    
   1.21559107      0.347782820      0.347652555      0.999625444    
   1.23137808      0.332938582      0.332890749      0.999856353    
   1.24716496      0.318011492      0.318048298       1.00011575    
   1.26295185      0.303005159      0.303125262       1.00039637    
   1.27873874      0.287923276      0.288121521       1.00068855    
   1.29452562      0.272769660      0.273037195       1.00098085    
   1.31031251      0.257548064      0.257872164       1.00125837    
   1.32609951      0.242262185      0.241900086      0.998505354    
   1.34188628      0.226916134      0.226602077      0.998615980    
   1.35767317      0.211513430      0.211263299      0.998817444    
   1.37346017      0.196057886      0.195883274      0.999109387    
   1.38924706      0.180553600      0.180462599      0.999495983    
   1.40503395      0.165004313      0.165001035      0.999980152    
   1.42082083      0.149413899      0.149498701       1.00056756    
   1.43660784      0.133786142      0.133955240       1.00126398    
   1.45239460      0.118125267      0.118371129       1.00208139    
   1.46818149      0.102434844      0.102746010       1.00303769    
   1.48396850       8.67187679E-02   8.70800018E-02   1.00416553    
   1.49975538       7.09812045E-02   7.06372261E-02  0.995153964    
   1.51554215       5.52260652E-02   5.49401045E-02  0.994822025    
   1.53132915       3.94569263E-02   3.92428637E-02  0.994574785    
   1.54711604       2.36780718E-02   2.35457420E-02  0.994411290    
   1.56290281       7.89343659E-03   7.84873962E-03  0.994337440    
   1.57868981      -7.89340492E-03  -7.84862041E-03  0.994326353    
   1.59447670      -2.36781593E-02  -2.35456228E-02  0.994402587    
   1.61026371      -3.94571312E-02  -3.92429829E-02  0.994572639    
   1.62605047      -5.52260354E-02  -5.49399853E-02  0.994820356    
   1.64183748      -7.09814131E-02  -7.06373453E-02  0.995152712    
   1.65762436      -8.67189765E-02  -8.70807171E-02   1.00417137    
   1.67341113     -0.102434814     -0.102746606       1.00304377    
   1.68919814     -0.118125357     -0.118371725       1.00208569    
   1.70498502     -0.133786350     -0.133955836       1.00126684    
   1.72077179     -0.149413869     -0.149498940       1.00056934    
   1.73655879     -0.165004402     -0.165001750      0.999983907    
   1.75234568     -0.180553675     -0.180463076      0.999498188    
   1.76813269     -0.196058080     -0.195884109      0.999112666    
   1.78391945     -0.211513400     -0.211263776      0.998819828    
   1.79970634     -0.226916105     -0.226602435      0.998617709    
   1.81549335     -0.242262378     -0.241900563      0.998506486    
   1.83128011     -0.257548034     -0.257872343       1.00125921    
   1.84706712     -0.272769749     -0.273037195       1.00098050    
   1.86285400     -0.287923366     -0.288121700       1.00068879    
   1.87864089     -0.303005248     -0.303125381       1.00039649    
   1.89442778     -0.318011582     -0.318048239       1.00011528    
   1.91021466     -0.332938671     -0.332890749      0.999856055    
   1.92600167     -0.347782910     -0.347652674      0.999625504    
   1.94178843     -0.362540215     -0.362333536      0.999429941    
   1.95757532     -0.377207309     -0.376934052      0.999275565    
   1.97336233     -0.391780496     -0.391453981      0.999166608    
   1.98914921     -0.406255931     -0.406578302       1.00079358    
   2.00493598     -0.420630008     -0.420906067       1.00065625    
   2.02072287     -0.434899390     -0.435115814       1.00049770    
   2.03650999     -0.449060589     -0.449207544       1.00032723    
   2.05229664     -0.463109434     -0.463180542       1.00015354    
   2.06808352     -0.477043062     -0.477035522      0.999984205    
   2.08387065     -0.490858048     -0.490772486      0.999825716    
   2.09965754     -0.504550457     -0.504391193      0.999684334    
   2.11544442     -0.518117130     -0.517891407      0.999564350    
   2.13123131     -0.531554699     -0.531273842      0.999471605    
   2.14701819     -0.544859767     -0.544537544      0.999408603    
   2.16280508     -0.558029056     -0.558297873       1.00048172    
   2.17859197     -0.571059287     -0.571279526       1.00038564    
   2.19437885     -0.583947182     -0.584108114       1.00027561    
   2.21016574     -0.596689522     -0.596784353       1.00015891    
   2.22595263     -0.609283209     -0.609308481       1.00004148    
   2.24173951     -0.621725023     -0.621679544      0.999926865    
   2.25752640     -0.634011865     -0.633898020      0.999820411    
   2.27331328     -0.646140695     -0.645964384      0.999727130    
   2.28910017     -0.658108532     -0.657877684      0.999649227    
   2.30488706     -0.669912338     -0.669639349      0.999592483    
   2.32067418     -0.681549370     -0.681797981       1.00036478    
   2.33646083     -0.693016231     -0.693227530       1.00030494    
   2.35224795     -0.704310656     -0.704474449       1.00023258    
   2.36803484     -0.715429425     -0.715538740       1.00015283    
   2.38382149     -0.726369679     -0.726420164       1.00006950    
   2.39960861     -0.737129271     -0.737119436      0.999986649    
   2.41539550     -0.747704983     -0.747635126      0.999906600    
   2.43118215     -0.758094251     -0.757967949      0.999833405    
   2.44696927     -0.768294811     -0.768119097      0.999771297    
   2.46275616     -0.778303802     -0.778086662      0.999720991    
   2.47854304     -0.788118780     -0.787871599      0.999686360    
   2.49432993     -0.797737360     -0.797924519       1.00023460    
   2.51011682     -0.807157159     -0.807308674       1.00018775    
   2.52590370     -0.816375732     -0.816485405       1.00013435    
   2.54169059     -0.825390935     -0.825454235       1.00007665    
   2.55747747     -0.834200382     -0.834214687       1.00001717    
   2.57326436     -0.842801929     -0.842767239      0.999958813    
   2.58905125     -0.851193428     -0.851111889      0.999904215    
   2.60483813     -0.859372795     -0.859248638      0.999855518    
   2.62062502     -0.867338002     -0.867177963      0.999815464    
   2.63641214     -0.875087142     -0.874898911      0.999784887    
   2.65219903     -0.882618070     -0.882766247       1.00016785    
   2.66798592     -0.889929056     -0.890052795       1.00013900    
   2.68377256     -0.897018135     -0.897112846       1.00010562    
   2.69955945     -0.903883755     -0.903944969       1.00006771    
   2.71534634     -0.910524130     -0.910550117       1.00002849    
   2.73113346     -0.916937709     -0.916927338      0.999988675    
   2.74692035     -0.923122585     -0.923077583      0.999951243    
   2.76270723     -0.929077506     -0.928998947      0.999915421    
   2.77849412     -0.934800804     -0.934694767      0.999886572    
   2.79428077     -0.940291047     -0.940161705      0.999862432    
   2.81006789     -0.945547163     -0.945402145      0.999846637    
   2.82585478     -0.950567544     -0.950651646       1.00008845    
   2.84164166     -0.955350995     -0.955418110       1.00007021    
   2.85742855     -0.959896326     -0.959943295       1.00004888    
   2.87321568     -0.964202523     -0.964227676       1.00002611    
   2.88900256     -0.968268394     -0.968271255       1.00000298    
   2.90478921     -0.972092867     -0.972073078      0.999979615    
   2.92057610     -0.975675106     -0.975635529      0.999959409    
   2.93636298     -0.979014218     -0.978956699      0.999941230    
   2.95214987     -0.982109308     -0.982037067      0.999926448    
   2.96793699     -0.984959722     -0.984876633      0.999915659    
   2.98372388     -0.987564564     -0.987475395      0.999909699    
   2.99951077     -0.989923358     -0.989833355      0.999909103    
   3.01529741     -0.992035329     -0.991950989      0.999915004    
   3.03108430     -0.993900180     -0.993826866      0.999926209    
   3.04687142     -0.995517313     -0.995462894      0.999945343    
   3.06265831     -0.996886313     -0.996857643      0.999971211    
   3.07844520     -0.998006880     -0.998011589       1.00000477    
   3.09423208     -0.998878717     -0.998925686       1.00004697    
   3.11001921     -0.999501586     -0.999598503       1.00009692    
   3.12580562     -0.999875367      -1.00002956       1.00015426    
   3.14159274      -1.00000000      -1.00022078       1.00022078    
