   0.00000000       1.00000000      0.995449662      0.995449662    
   1.57868974E-02  0.999875367      0.995449662      0.995573759    
   3.15737948E-02  0.999501586      0.995449662      0.995946050    
   4.73606922E-02  0.998878717      0.995449662      0.996567070    
   6.31475896E-02  0.998006880      0.995449662      0.997437656    
   7.89344907E-02  0.996886313      0.995449662      0.998558879    
   9.47213843E-02  0.995517254      0.995449662      0.999932110    
  0.110508293      0.993900180      0.995449662       1.00155902    
  0.126295179      0.992035329      0.995449662       1.00344169    
  0.142082080      0.989923298      0.995449662       1.00558257    
  0.157868981      0.987564564      0.995449662       1.00798440    
  0.173655882      0.984959662      0.968296289      0.983082175    
  0.189442769      0.982109308      0.968296289      0.985935330    
  0.205229685      0.979014218      0.968296289      0.989052355    
  0.221016586      0.975675106      0.968296289      0.992437243    
  0.236803472      0.972092807      0.968296289      0.996094465    
  0.252590358      0.968268335      0.968296289       1.00002885    
  0.268377274      0.964202464      0.968296289       1.00424576    
  0.284164160      0.959896326      0.968296289       1.00875092    
  0.299951077      0.955350935      0.968296289       1.01355040    
  0.315737963      0.950567484      0.968296289       1.01865077    
  0.331524879      0.945547104      0.914730430      0.967408657    
  0.347311765      0.940291107      0.914730430      0.972816229    
  0.363098651      0.934800744      0.914730430      0.978529871    
  0.378885537      0.929077446      0.914730430      0.984557807    
  0.394672453      0.923122585      0.914730430      0.990908921    
  0.410459369      0.916937590      0.914730430      0.997592926    
  0.426246256      0.910524189      0.914730430       1.00461960    
  0.442033172      0.903883815      0.914730430       1.01199996    
  0.457820028      0.897018135      0.914730430       1.01974571    
  0.473606944      0.889928937      0.914730430       1.02786911    
  0.489393830      0.882617950      0.914730430       1.03638327    
  0.505180717      0.875087023      0.836213112      0.955577075    
  0.520967662      0.867337942      0.836213112      0.964114547    
  0.536754549      0.859372735      0.836213112      0.973050535    
  0.552541435      0.851193368      0.836213112      0.982400894    
  0.568328321      0.842801869      0.836213112      0.992182314    
  0.584115207      0.834200323      0.836213112       1.00241280    
  0.599902153      0.825390875      0.836213112       1.01311159    
  0.615689039      0.816375732      0.836213112       1.02429938    
  0.631475925      0.807157099      0.836213112       1.03599799    
  0.647262812      0.797737300      0.836213112       1.04823112    
  0.663049757      0.788118720      0.734886348      0.932456434    
  0.678836584      0.778303742      0.734886348      0.944215357    
  0.694623530      0.768294752      0.734886348      0.956516147    
  0.710410416      0.758094311      0.734886348      0.969386458    
  0.726197302      0.747704923      0.734886348      0.982856095    
  0.741984248      0.737129152      0.734886348      0.996957362    
  0.757771075      0.726369739      0.734886348       1.01172495    
  0.773558021      0.715429246      0.734886348       1.02719641    
  0.789344907      0.704310536      0.734886348       1.04341245    
  0.805131853      0.693016171      0.734886348       1.06041729    
  0.820918739      0.681549191      0.734886348       1.07825875    
  0.836705565      0.669912398      0.613513172      0.915811062    
  0.852492511      0.658108532      0.613513172      0.932237089    
  0.868279397      0.646140695      0.613513172      0.949504018    
  0.884066343      0.634011805      0.613513172      0.967668355    
  0.899853170      0.621724963      0.613513172      0.986791909    
  0.915640056      0.609283149      0.613513172       1.00694263    
  0.931427002      0.596689463      0.613513172       1.02819514    
  0.947213888      0.583947122      0.613513172       1.05063140    
  0.963000834      0.571059167      0.613513172       1.07434261    
  0.978787661      0.558028996      0.613513172       1.09942889    
  0.994574606      0.544859648      0.475405395      0.872528195    
   1.01036143      0.531554639      0.475405395      0.894367874    
   1.02614832      0.518117070      0.475405395      0.917563677    
   1.04193532      0.504550278      0.475405395      0.942235947    
   1.05772221      0.490857840      0.475405395      0.968519509    
   1.07350910      0.477043092      0.475405395      0.996567011    
   1.08929598      0.463109463      0.475405395       1.02655077    
   1.10508287      0.449060380      0.475405395       1.05866694    
   1.12086976      0.434899420      0.475405395       1.09313869    
   1.13665664      0.420630038      0.475405395       1.13022220    
   1.15244353      0.406255871      0.475405395       1.17021179    
   1.16823041      0.391780406      0.324329674      0.827835381    
   1.18401742      0.377207220      0.324329674      0.859818339    
   1.19980431      0.362540156      0.324329674      0.894603431    
   1.21559107      0.347782820      0.324329674      0.932563841    
   1.23137808      0.332938582      0.324329674      0.974142671    
   1.24716496      0.318011492      0.324329674       1.01986778    
   1.26295185      0.303005159      0.324329674       1.07037675    
   1.27873874      0.287923276      0.324329674       1.12644482    
   1.29452562      0.272769660      0.324329674       1.18902397    
   1.31031251      0.257548064      0.324329674       1.25929761    
   1.32609951      0.242262185      0.164406925      0.678632200    
   1.34188628      0.226916134      0.164406925      0.724527240    
   1.35767317      0.211513430      0.164406925      0.777288377    
   1.37346017      0.196057886      0.164406925      0.838563204    
   1.38924706      0.180553600      0.164406925      0.910571277    
   1.40503395      0.165004313      0.164406925      0.996379554    
   1.42082083      0.149413899      0.164406925       1.10034561    
   1.43660784      0.133786142      0.164406925       1.22887862    
   1.45239460      0.118125267      0.164406925       1.39180148    
   1.46818149      0.102434844      0.164406925       1.60499024    
   1.48396850       8.67187679E-02  0.164406925       1.89586329    
   1.49975538       7.09812045E-02   0.00000000       0.00000000    
   1.51554215       5.52260652E-02   0.00000000       0.00000000    
   1.53132915       3.94569263E-02   0.00000000       0.00000000    
   1.54711604       2.36780718E-02   0.00000000       0.00000000    
   1.56290281       7.89343659E-03   0.00000000       0.00000000    
   1.57868981      -7.89340492E-03   0.00000000      -0.00000000    
   1.59447670      -2.36781593E-02   0.00000000      -0.00000000    
   1.61026371      -3.94571312E-02   0.00000000      -0.00000000    
   1.62605047      -5.52260354E-02   0.00000000      -0.00000000    
   1.64183748      -7.09814131E-02   0.00000000      -0.00000000    
   1.65762436      -8.67189765E-02 -0.164407283       1.89586282    
   1.67341113     -0.102434814     -0.164407283       1.60499418    
   1.68919814     -0.118125357     -0.164407283       1.39180350    
   1.70498502     -0.133786350     -0.164407283       1.22887933    
   1.72077179     -0.149413869     -0.164407283       1.10034823    
   1.73655879     -0.165004402     -0.164407283      0.996381164    
   1.75234568     -0.180553675     -0.164407283      0.910572886    
   1.76813269     -0.196058080     -0.164407283      0.838564157    
   1.78391945     -0.211513400     -0.164407283      0.777290165    
   1.79970634     -0.226916105     -0.164407283      0.724528909    
   1.81549335     -0.242262378     -0.164407283      0.678633153    
   1.83128011     -0.257548034     -0.324329674       1.25929785    
   1.84706712     -0.272769749     -0.324329674       1.18902361    
   1.86285400     -0.287923366     -0.324329674       1.12644446    
   1.87864089     -0.303005248     -0.324329674       1.07037640    
   1.89442778     -0.318011582     -0.324329674       1.01986754    
   1.91021466     -0.332938671     -0.324329674      0.974142373    
   1.92600167     -0.347782910     -0.324329674      0.932563603    
   1.94178843     -0.362540215     -0.324329674      0.894603312    
   1.95757532     -0.377207309     -0.324329674      0.859818101    
   1.97336233     -0.391780496     -0.324329674      0.827835202    
   1.98914921     -0.406255931     -0.475405395       1.17021155    
   2.00493598     -0.420630008     -0.475405395       1.13022220    
   2.02072287     -0.434899390     -0.475405395       1.09313881    
   2.03650999     -0.449060589     -0.475405395       1.05866647    
   2.05229664     -0.463109434     -0.475405395       1.02655089    
   2.06808352     -0.477043062     -0.475405395      0.996567070    
   2.08387065     -0.490858048     -0.475405395      0.968519092    
   2.09965754     -0.504550457     -0.475405395      0.942235589    
   2.11544442     -0.518117130     -0.475405395      0.917563558    
   2.13123131     -0.531554699     -0.475405395      0.894367754    
   2.14701819     -0.544859767     -0.475405395      0.872527957    
   2.16280508     -0.558029056     -0.613513231       1.09942877    
   2.17859197     -0.571059287     -0.613513231       1.07434249    
   2.19437885     -0.583947182     -0.613513231       1.05063140    
   2.21016574     -0.596689522     -0.613513231       1.02819502    
   2.22595263     -0.609283209     -0.613513231       1.00694263    
   2.24173951     -0.621725023     -0.613513231      0.986791909    
   2.25752640     -0.634011865     -0.613513231      0.967668355    
   2.27331328     -0.646140695     -0.613513231      0.949504077    
   2.28910017     -0.658108532     -0.613513231      0.932237148    
   2.30488706     -0.669912338     -0.613513231      0.915811241    
   2.32067418     -0.681549370     -0.734886408       1.07825851    
   2.33646083     -0.693016231     -0.734886408       1.06041729    
   2.35224795     -0.704310656     -0.734886408       1.04341233    
   2.36803484     -0.715429425     -0.734886408       1.02719629    
   2.38382149     -0.726369679     -0.734886408       1.01172507    
   2.39960861     -0.737129271     -0.734886408      0.996957302    
   2.41539550     -0.747704983     -0.734886408      0.982856095    
   2.43118215     -0.758094251     -0.734886408      0.969386578    
   2.44696927     -0.768294811     -0.734886408      0.956516147    
   2.46275616     -0.778303802     -0.734886408      0.944215357    
   2.47854304     -0.788118780     -0.734886408      0.932456434    
   2.49432993     -0.797737360     -0.836213171       1.04823112    
   2.51011682     -0.807157159     -0.836213171       1.03599799    
   2.52590370     -0.816375732     -0.836213171       1.02429938    
   2.54169059     -0.825390935     -0.836213171       1.01311159    
   2.55747747     -0.834200382     -0.836213171       1.00241280    
   2.57326436     -0.842801929     -0.836213171      0.992182314    
   2.58905125     -0.851193428     -0.836213171      0.982400894    
   2.60483813     -0.859372795     -0.836213171      0.973050535    
   2.62062502     -0.867338002     -0.836213171      0.964114547    
   2.63641214     -0.875087142     -0.836213171      0.955577016    
   2.65219903     -0.882618070     -0.914730489       1.03638315    
   2.66798592     -0.889929056     -0.914730489       1.02786899    
   2.68377256     -0.897018135     -0.914730489       1.01974583    
   2.69955945     -0.903883755     -0.914730489       1.01200008    
   2.71534634     -0.910524130     -0.914730489       1.00461972    
   2.73113346     -0.916937709     -0.914730489      0.997592807    
   2.74692035     -0.923122585     -0.914730489      0.990909040    
   2.76270723     -0.929077506     -0.914730489      0.984557807    
   2.77849412     -0.934800804     -0.914730489      0.978529871    
   2.79428077     -0.940291047     -0.914730489      0.972816348    
   2.81006789     -0.945547163     -0.914730489      0.967408657    
   2.82585478     -0.950567544     -0.968296289       1.01865065    
   2.84164166     -0.955350995     -0.968296289       1.01355028    
   2.85742855     -0.959896326     -0.968296289       1.00875092    
   2.87321568     -0.964202523     -0.968296289       1.00424576    
   2.88900256     -0.968268394     -0.968296289       1.00002885    
   2.90478921     -0.972092867     -0.968296289      0.996094406    
   2.92057610     -0.975675106     -0.968296289      0.992437243    
   2.93636298     -0.979014218     -0.968296289      0.989052355    
   2.95214987     -0.982109308     -0.968296289      0.985935330    
   2.96793699     -0.984959722     -0.968296289      0.983082116    
   2.98372388     -0.987564564     -0.995449662       1.00798440    
   2.99951077     -0.989923358     -0.995449662       1.00558257    
   3.01529741     -0.992035329     -0.995449662       1.00344169    
   3.03108430     -0.993900180     -0.995449662       1.00155902    
   3.04687142     -0.995517313     -0.995449662      0.999932051    
   3.06265831     -0.996886313     -0.995449662      0.998558879    
   3.07844520     -0.998006880     -0.995449662      0.997437656    
   3.09423208     -0.998878717     -0.995449662      0.996567070    
   3.11001921     -0.999501586     -0.995449662      0.995946050    
   3.12580562     -0.999875367     -0.995449662      0.995573759    
   3.14159274      -1.00000000     -0.995449662      0.995449662    
