   0.00000000       1.00000000       1.00000000    
   5.07812500E-02  0.998716533      0.998717427    
  0.100781247      0.994975030      0.994976580    
  0.150781244      0.988820732      0.988823116    
  0.201562494      0.980153441      0.980156660    
  0.251562506      0.969297111      0.969300926    
  0.301562488      0.956197560      0.956202149    
  0.352343738      0.940665364      0.940670609    
  0.402343750      0.923249602      0.923255503    
  0.452343762      0.903802752      0.903809249    
  0.503125012      0.882053673      0.882060885    
  0.553125024      0.858755171      0.858762860    
  0.603124976      0.833673060      0.833681226    
  0.653906226      0.806464791      0.806473494    
  0.703906238      0.778060436      0.778069615    
  0.753906250      0.748148799      0.748158395    
  0.804687500      0.716326416      0.716336310    
  0.854687512      0.683672309      0.683682621    
  0.904687524      0.649808347      0.649818957    
  0.955468774      0.614281774      0.614292741    
   1.00546873      0.578290462      0.578301609    
   1.05546880      0.541400313      0.541411698    
   1.10625005      0.503121674      0.503133237    
   1.15625000      0.464739144      0.464750826    
   1.20624995      0.425775141      0.425786883    
   1.25703120      0.385715455      0.385727286    
   1.30703127      0.345898867      0.345910877    
   1.35703123      0.305817157      0.305829138    
   1.40781248      0.264943898      0.264955878    
   1.45781255      0.224640340      0.224652305    
   1.50781250      0.184379637      0.184391454    
   1.55781245      0.144260883      0.144272566    
   1.60859370      0.103760801      0.103772350    
   1.65859377       6.42221421E-02   6.42335638E-02
   1.70859373       2.51129009E-02   2.51240805E-02
   1.75937498      -1.40748015E-02  -1.40638296E-02
   1.80937505      -5.20461351E-02  -5.20352647E-02
   1.85937500      -8.93228203E-02  -8.93122852E-02
   1.91015625     -0.126386747     -0.126376495    
   1.96015620     -0.162017360     -0.162007451    
   2.01015615     -0.196715549     -0.196706012    
   2.06093740     -0.230927303     -0.230918109    
   2.11093760     -0.263530552     -0.263521582    
   2.16093755     -0.294994444     -0.294985890    
   2.21171880     -0.325721145     -0.325712979    
   2.26171875     -0.354707181     -0.354699492    
   2.31171870     -0.382381827     -0.382374525    
   2.36249995     -0.409095854     -0.409088999    
   2.41249990     -0.433981806     -0.433975428    
   2.46250010     -0.457420796     -0.457414746    
   2.51328135     -0.479707003     -0.479701400    
   2.56328130     -0.500122190     -0.500116944    
   2.61328125     -0.518992543     -0.518987834    
   2.66406250     -0.536552310     -0.536548018    
   2.71406245     -0.552241266     -0.552237451    
   2.76406240     -0.566326618     -0.566323280    
   2.81484365     -0.578979313     -0.578976452    
   2.86484385     -0.589803159     -0.589800656    
   2.91484380     -0.599002600     -0.599000573    
   2.96484375     -0.606579006     -0.606577456    
   3.01562500     -0.612618208     -0.612617075    
   3.06562495     -0.616943717     -0.616943002    
   3.11562490     -0.619674265     -0.619674027    
   3.16640615     -0.620832503     -0.620832682    
   3.21640635     -0.620403707     -0.620404184    
   3.26640630     -0.618442118     -0.618443012    
   3.31718755     -0.614909530     -0.614910841    
   3.36718750     -0.609946132     -0.609947801    
   3.41718745     -0.603543460     -0.603545487    
   3.46796870     -0.595606029     -0.595608294    
   3.51796865     -0.586418688     -0.586421311    
   3.56796885     -0.575913250     -0.575916290    
   3.61875010     -0.563941658     -0.563945055    
   3.66875005     -0.550921142     -0.550924778    
   3.71875000     -0.536727726     -0.536731541    
   3.76953125     -0.521166205     -0.521170259    
   3.81953120     -0.504770756     -0.504775047    
   3.86953115     -0.487367243     -0.487371713    
   3.92031240     -0.468719661     -0.468724370    
   3.97031260     -0.449462354     -0.449467301    
   4.02031231     -0.429376870     -0.429381877    
   4.07109356     -0.408193558     -0.408198684    
   4.12109375     -0.386628121     -0.386633545    
   4.17109394     -0.364424795     -0.364430279    
   4.22187519     -0.341287792     -0.341293424    
   4.27187490     -0.317995071     -0.318000734    
   4.32187510     -0.294260204     -0.294265896    
   4.37187481     -0.270148754     -0.270154446    
   4.42265606     -0.245342255     -0.245348006    
   4.47265625     -0.220670253     -0.220675960    
   4.52265644     -0.195817858     -0.195823774    
   4.57343769     -0.170459196     -0.170465082    
   4.62343740     -0.145439073     -0.145444646    
   4.67343760     -0.120430157     -0.120435894    
   4.72421885      -9.51063186E-02  -9.51119810E-02
   4.77421856      -7.03083426E-02  -7.03136697E-02
   4.82421875      -4.57046814E-02  -4.57101166E-02
   4.87500000      -2.09759660E-02  -2.09812988E-02
   4.92500019       3.05972062E-03   3.05453036E-03
   4.97499990       2.67299656E-02   2.67249346E-02
   5.02578115       5.03412448E-02   5.03363423E-02
   5.07578135       7.31150806E-02   7.31101409E-02
   5.12578106       9.53680351E-02   9.53635052E-02
   5.17656231      0.117387436      0.117383063    
   5.22656250      0.138449758      0.138445377    
   5.27656269      0.158854827      0.158850655    
   5.32734394      0.178864211      0.178860232    
   5.37734365      0.197823241      0.197819456    
   5.42734385      0.216009185      0.216005668    
   5.47812510      0.233653545      0.233650222    
   5.52812481      0.250181824      0.250178725    
   5.57812500      0.265843391      0.265840530    
   5.62890625      0.280835837      0.280833185    
   5.67890644      0.294674337      0.294671774    
   5.72890615      0.307575524      0.307573318    
   5.77890635      0.319521844      0.319519728    
   5.82968760      0.330661207      0.330659360    
   5.87968731      0.340638012      0.340636492    
   5.92968750      0.349621385      0.349620014    
   5.98046875      0.357720405      0.357719183    
   6.03046894      0.364680856      0.364679873    
   6.08046865      0.370633006      0.370632231    
   6.13124990      0.375646323      0.375645757    
   6.18125010      0.379569411      0.379568994    
   6.23124981      0.382492363      0.382492185    
   6.28203106      0.384445280      0.384445310    
   6.33203125      0.385378182      0.385378361    
   6.38203144      0.385341078      0.385341495    
   6.43281269      0.384325624      0.384326190    
   6.48281240      0.382379949      0.382380664    
   6.53281260      0.379514545      0.379515469    
   6.58359385      0.375684500      0.375685573    
   6.63359356      0.371030718      0.371031880    
   6.68359375      0.365525633      0.365527004    
   6.73437500      0.359090507      0.359091997    
   6.78437519      0.351951510      0.351953179    
   6.83437490      0.344045818      0.344047517    
   6.88515615      0.335263520      0.335265338    
   6.93515635      0.325907677      0.325909674    
   6.98515606      0.315882802      0.315884799    
   7.03593731      0.305052072      0.305054128    
   7.08593750      0.293785036      0.293787271    
   7.13593769      0.281956941      0.281959295    
   7.18593740      0.269605637      0.269607931    
   7.23671865      0.256565064      0.256567419    
   7.28671885      0.243276030      0.243278548    
   7.33671856      0.229581565      0.229583994    
   7.38749981      0.215298966      0.215301380    
   7.43750000      0.200908482      0.200911045    
   7.48750019      0.186233938      0.186236531    
   7.53828144      0.171081051      0.171083644    
   7.58828115      0.155957252      0.155959830    
   7.63828135      0.140671715      0.140674263    
   7.68906260      0.125023276      0.125025794    
   7.73906231      0.109533995      0.109536462    
   7.78906250       9.40035656E-02   9.40060019E-02
   7.83984375       7.82286301E-02   7.82310367E-02
   7.88984394       6.27335310E-02   6.27360269E-02
   7.93984365       4.73137870E-02   4.73160632E-02
   7.99062490       3.17679755E-02   3.17701958E-02
   8.04062462       1.66113768E-02   1.66135263E-02
   8.09062481       1.63908186E-03   1.64129480E-03
   8.14140606      -1.33427121E-02  -1.33407079E-02
   8.19140625      -2.78397817E-02  -2.78377254E-02
   8.24140644      -4.20519486E-02  -4.20498513E-02
   8.29218769      -5.61624169E-02  -5.61605282E-02
   8.34218788      -6.97073489E-02  -6.97054341E-02
   8.39218712      -8.28774422E-02  -8.28757584E-02
   8.44296837      -9.58420634E-02  -9.58405808E-02
   8.49296856     -0.108176470     -0.108174965    
   8.54296875     -0.120058864     -0.120057352    
   8.59296894     -0.131466508     -0.131465003    
   8.64375019     -0.142544419     -0.142543107    
   8.69375038     -0.152932227     -0.152930900    
   8.74374962     -0.162785739     -0.162784651    
   8.79453087     -0.172229677     -0.172228754    
   8.84453106     -0.180958480     -0.180957586    
   8.89453125     -0.189108416     -0.189107537    
   8.94531250     -0.196781069     -0.196780384    
   8.99531269     -0.203730628     -0.203729957    
   9.04531288     -0.210071266     -0.210070640    
   9.09609413     -0.215880781     -0.215880319    
   9.14609337     -0.220975459     -0.220975146    
   9.19609356     -0.225446209     -0.225445911    
   9.24687481     -0.229346067     -0.229345933    
   9.29687500     -0.232555106     -0.232555002    
   9.34687519     -0.235139415     -0.235139370    
   9.39765644     -0.237127572     -0.237127662    
   9.44765663     -0.238463014     -0.238463178    
   9.49765587     -0.239187017     -0.239187211    
   9.54843712     -0.239303917     -0.239304230    
   9.59843731     -0.238819033     -0.238819420    
   9.64843750     -0.237748936     -0.237749353    
   9.69921875     -0.236074746     -0.236075237    
   9.74921894     -0.233860806     -0.233861357    
   9.79921913     -0.231099635     -0.231100276    
   9.85000038     -0.227750719     -0.227751389    
   9.89999962     -0.223933384     -0.223934054    
   9.94999981     -0.219617262     -0.219617993    
   10.0000000     -0.214820579     -0.214821368    
