   1.00000034E-05   8677.69629       8677.69629       8.67769942E-02   867769344.    
   1.04618393E-05   8677.57031       8677.57031       9.07833502E-02   829449792.    
   1.09450039E-05   8677.43848       8677.43848       9.49745998E-02   792821888.    
   1.14504837E-05   8677.30176       8677.30176       9.93593037E-02   757810944.    
   1.19792967E-05   8677.15820       8677.15820      0.103946254       724346240.    
   1.25325432E-05   8677.00879       8677.00879      0.108744986       692358208.    
   1.31113402E-05   8676.85254       8676.85254      0.113765165       661782272.    
   1.37168690E-05   8676.69043       8676.69043      0.119017027       632556160.    
   1.43503630E-05   8676.52051       8676.52051      0.124511220       604620288.    
   1.50131145E-05   8676.34375       8676.34375      0.130258948       577917632.    
   1.57064733E-05   8676.15918       8676.15918      0.136271864       552393856.    
   1.64318553E-05   8675.96582       8675.96582      0.142562211       527996736.    
   1.71907195E-05   8675.76562       8675.76562      0.149142653       504677280.    
   1.79846484E-05   8675.55566       8675.55566      0.156026825       482386720.    
   1.88152444E-05   8675.33691       8675.33691      0.163228586       461080224.    
   1.96841993E-05   8675.10938       8675.10938      0.170762584       440714368.    
   2.05932865E-05   8674.87109       8674.87109      0.178644106       421247520.    
   2.15443579E-05   8674.62305       8674.62305      0.186889187       402640128.    
   2.25393524E-05   8674.36426       8674.36426      0.195514560       384854208.    
   2.35802781E-05   8674.09473       8674.09473      0.204537570       367853792.    
   2.46692998E-05   8673.81250       8673.81250      0.213976875       351603520.    
   2.58086166E-05   8673.51953       8673.51953      0.223851547       336070688.    
   2.70005494E-05   8673.21289       8673.21289      0.234181508       321223584.    
   2.82475321E-05   8672.89258       8672.89258      0.244987816       307031872.    
   2.95521040E-05   8672.55957       8672.55957      0.256292373       293466752.    
   3.09169263E-05   8672.21191       8672.21191      0.268118143       280500448.    
   3.23447784E-05   8671.84863       8671.84863      0.280489028       268106608.    
   3.38385762E-05   8671.47070       8671.47070      0.293430209       256259920.    
   3.54013282E-05   8671.07520       8671.07520      0.306967586       244936432.    
   3.70362905E-05   8670.66309       8670.66309      0.321129203       234112624.    
   3.87467589E-05   8670.23438       8670.23438      0.335943490       223766704.    
   4.05362225E-05   8669.78613       8669.78613      0.351440370       213877504.    
   4.24083300E-05   8669.31836       8669.31836      0.367651314       204424896.    
   4.43668978E-05   8668.83105       8668.83105      0.384609133       195389616.    
   4.64159202E-05   8668.32227       8668.32227      0.402348161       186753216.    
   4.85595265E-05   8667.79102       8667.79102      0.420903832       178498256.    
   5.08021767E-05   8667.23730       8667.23730      0.440314531       170607600.    
   5.31484038E-05   8666.66016       8666.66016      0.460619152       163065296.    
   5.56029881E-05   8666.05762       8666.05762      0.481858701       155855968.    
   5.81709319E-05   8665.42969       8665.42969      0.504076123       148964944.    
   6.08574737E-05   8664.77441       8664.77441      0.527316272       142378144.    
   6.36680852E-05   8664.09082       8664.09082      0.551626086       136082160.    
   6.66085107E-05   8663.37695       8663.37695      0.577054620       130064112.    
   6.96847274E-05   8662.63379       8662.63379      0.603653252       124311800.    
   7.29029489E-05   8661.85742       8661.85742      0.631474972       118813536.    
   7.62698692E-05   8661.04785       8661.04785      0.660576999       113557920.    
   7.97922839E-05   8660.20312       8660.20312      0.691017389       108534344.    
   8.34773746E-05   8659.32227       8659.32227      0.722857475       103732568.    
   8.73326571E-05   8658.40332       8658.40332      0.756161392       99142792.0    
   9.13659896E-05   8657.44531       8657.44531      0.790996075       94755664.0    
   9.55855066E-05   8656.44531       8656.44531      0.827430725       90562320.0    
   9.99999902E-05   8655.40234       8655.40234      0.865540147       86554032.0    
   1.04618346E-04   8654.31348       8654.31348      0.905399978       82722712.0    
   1.09449989E-04   8653.18066       8653.18066      0.947090507       79060592.0    
   1.14504786E-04   8652.00195       8652.00195      0.990695655       75560176.0    
   1.19793025E-04   8650.77539       8650.77539       1.03630257       72214352.0    
   1.25325489E-04   8649.50098       8649.50098       1.08400297       69016296.0    
   1.31113469E-04   8648.17578       8648.17578       1.13389230       65959476.0    
   1.37168769E-04   8646.79785       8646.79785       1.18607056       63037656.0    
   1.43503567E-04   8645.36621       8645.36621       1.24064088       60244956.0    
   1.50131076E-04   8643.87891       8643.87891       1.29771483       57575548.0    
   1.57064671E-04   8642.33398       8642.33398       1.35740530       55024048.0    
   1.64318466E-04   8640.72949       8640.72949       1.41983140       52585260.0    
   1.71907290E-04   8639.06348       8639.06348       1.48511803       50254200.0    
   1.79846582E-04   8637.33398       8637.33398       1.55339503       48026124.0    
   1.88152539E-04   8635.54004       8635.54004       1.62479877       45896484.0    
   1.96841909E-04   8633.67773       8633.67773       1.69946957       43860972.0    
   2.05932767E-04   8631.74609       8631.74609       1.77755940       41915360.0    
   2.15443477E-04   8629.74219       8629.74219       1.85922170       40055712.0    
   2.25393422E-04   8627.66602       8627.66602       1.94461918       38278252.0    
   2.35802901E-04   8625.51270       8625.51270       2.03392100       36579332.0    
   2.46693118E-04   8623.28125       8623.28125       2.12730408       34955500.0    
   2.58086278E-04   8620.96973       8620.96973       2.22495389       33403440.0    
   2.70005636E-04   8618.57617       8618.57617       2.32706404       31919986.0    
   2.82475463E-04   8616.09668       8616.09668       2.43383598       30502106.0    
   2.95520906E-04   8613.53027       8613.53027       2.54547834       29146940.0    
   3.09169118E-04   8610.87402       8610.87402       2.66221642       27851662.0    
   3.23447661E-04   8608.12500       8608.12500       2.78427792       26613656.0    
   3.38385609E-04   8605.28223       8605.28223       2.91190362       25430402.0    
   3.54013464E-04   8602.34180       8602.34180       3.04534483       24299476.0    
   3.70362919E-04   8599.30078       8599.30078       3.18486214       23218580.0    
   3.87467589E-04   8596.15820       8596.15820       3.33073258       22185490.0    
   4.05362225E-04   8592.91016       8592.91016       3.48324108       21198102.0    
   4.24083089E-04   8589.55469       8589.55469       3.64268494       20254414.0    
   4.43668774E-04   8586.08887       8586.08887       3.80937958       19352476.0    
   4.64158977E-04   8582.51074       8582.51074       3.98364949       18490456.0    
   4.85595490E-04   8578.81641       8578.81641       4.16583443       17666590.0    
   5.08022029E-04   8575.00293       8575.00293       4.35629034       16879196.0    
   5.31484082E-04   8571.06836       8571.06836       4.55538654       16126670.0    
   5.56029903E-04   8567.00879       8567.00879       4.76351309       15407461.0    
   5.81709028E-04   8562.82324       8562.82324       4.98107147       14720114.0    
   6.08574483E-04   8558.50586       8558.50586       5.20848846       14063202.0    
   6.36680576E-04   8554.05664       8554.05664       5.44620180       13435398.0    
   6.66084758E-04   8549.47070       8549.47070       5.69467211       12835410.0    
   6.96846982E-04   8544.74512       8544.74512       5.95438004       12262011.0    
   7.29029824E-04   8539.87695       8539.87695       6.22582483       11714030.0    
   7.62698706E-04   8534.86328       8534.86328       6.50952911       11190347.0    
   7.97922839E-04   8529.70020       8529.70020       6.80604267       10689881.0    
   8.34773760E-04   8524.38477       8524.38477       7.11593294       10211611.0    
   8.73326149E-04   8518.91406       8518.91406       7.43979025       9754562.00    
   9.13659518E-04   8513.28418       8513.28418       7.77824306       9317786.00    
   9.55855532E-04   8507.49219       8507.49219       8.13193321       8900395.00    
   1.00000040E-03   8501.53418       8501.53418       8.50153732       8501531.00    
   1.04618352E-03   8495.40625       8495.40625       8.88775444       8120378.50    
   1.09449995E-03   8489.10449       8489.10449       9.29132462       7756149.00    
   1.14504783E-03   8482.62598       8482.62598       9.71301270       7408097.50    
   1.19793031E-03   8475.96777       8475.96777       10.1536188       7075510.00    
   1.25325436E-03   8469.12402       8469.12402       10.6139669       6757705.50    
   1.31113420E-03   8462.09180       8462.09180       11.0949383       6454024.00    
   1.37168705E-03   8454.86719       8454.86719       11.5974321       6163845.50    
   1.43503572E-03   8447.44629       8447.44629       12.1223869       5886575.50    
   1.50131085E-03   8439.82422       8439.82422       12.6707993       5621636.50    
   1.57064665E-03   8431.99707       8431.99707       13.2436876       5368487.50    
   1.64318481E-03   8423.96094       8423.96094       13.8421249       5126606.00    
   1.71907293E-03   8415.71094       8415.71094       14.4672213       4895494.00    
   1.79846585E-03   8407.24316       8407.24316       15.1201401       4674675.00    
   1.88152457E-03   8398.55371       8398.55371       15.8020849       4463696.00    
   1.96841918E-03   8389.63672       8389.63672       16.5143223       4262119.00    
   2.05932767E-03   8380.48535       8380.48535       17.2581654       4069525.00    
   2.15443480E-03   8371.09766       8371.09766       18.0349846       3885519.25    
   2.25393428E-03   8361.46777       8361.46777       18.8461990       3709721.25    
   2.35802913E-03   8351.59082       8351.59082       19.6932945       3541767.50    
   2.46693124E-03   8341.46094       8341.46094       20.5778103       3381310.75    
   2.58086296E-03   8331.07422       8331.07422       21.5013599       3228018.75    
   2.70005385E-03   8320.42285       8320.42285       22.4655895       3081576.75    
   2.82475213E-03   8309.50293       8309.50293       23.4722862       2941675.00    
   2.95520923E-03   8298.30859       8298.30859       24.5232372       2808027.50    
   3.09169129E-03   8286.83398       8286.83398       25.6203327       2680356.25    
   3.23447655E-03   8275.07324       8275.07324       26.7655296       2558396.50    
   3.38385627E-03   8263.02051       8263.02051       27.9608746       2441894.75    
   3.54013499E-03   8250.66699       8250.66699       29.2084751       2330608.00    
   3.70362913E-03   8238.00977       8238.00977       30.5105324       2224307.50    
   3.87467607E-03   8225.04102       8225.04102       31.8693695       2122768.75    
   4.05362062E-03   8211.75293       8211.75293       33.2873306       2025782.25    
   4.24083136E-03   8198.14062       8198.14062       34.7669334       1933144.75    
   4.43668803E-03   8184.19678       8184.19678       36.3107262       1844663.62    
   4.64159017E-03   8169.91260       8169.91260       37.9213867       1760153.75    
   4.85595502E-03   8155.28271       8155.28271       39.6016846       1679439.50    
   5.08021796E-03   8140.29883       8140.29883       41.3544922       1602352.25    
   5.31484094E-03   8124.95264       8124.95264       43.1828308       1528729.25    
   5.56029892E-03   8109.23682       8109.23682       45.0897789       1458417.38    
   5.81709063E-03   8093.14404       8093.14404       47.0785522       1391270.12    
   6.08574459E-03   8076.66553       8076.66553       49.1525230       1327145.00    
   6.36680610E-03   8059.79297       8059.79297       51.3151398       1265908.38    
   6.66084792E-03   8042.51758       8042.51758       53.5699883       1207431.50    
   6.96846657E-03   8024.83154       8024.83154       55.9207687       1151592.12    
   7.29029533E-03   8006.72461       8006.72461       58.3713875       1098271.62    
   7.62698706E-03   7988.18799       7988.18799       60.9258080       1047358.25    
   7.97922816E-03   7969.21289       7969.21289       63.5881691       998744.812    
   8.34773760E-03   7949.78809       7949.78809       66.3627472       952328.438    
   8.73326231E-03   7929.90625       7929.90625       69.2539520       908011.938    
   9.13659483E-03   7909.55664       7909.55664       72.2664108       865700.688    
   9.55855101E-03   7888.72705       7888.72705       75.4048004       825305.750    
   9.99999978E-03   7867.40967       7867.40967       78.6740952       786741.000    
   1.04618352E-02   7845.59277       7845.59277       82.0792999       749925.125    
   1.09449998E-02   7823.26270       7823.26270       85.6256104       714779.625    
   1.14504788E-02   7800.41211       7800.41211       89.3184509       681230.188    
   1.19793033E-02   7777.02734       7777.02734       93.1633682       649205.312    
   1.25325443E-02   7753.09668       7753.09668       97.1660309       618637.062    
   1.31113352E-02   7728.61133       7728.61133       101.332413       589460.250    
   1.37168644E-02   7703.55664       7703.55664       105.668640       561612.062    
   1.43503575E-02   7677.91846       7677.91846       110.180878       535033.250    
   1.50131090E-02   7651.68457       7651.68457       114.875572       509666.906    
   1.57064684E-02   7624.84131       7624.84131       119.759331       485458.688    
   1.64318476E-02   7597.37744       7597.37744       124.838951       462356.844    
   1.71907302E-02   7569.27734       7569.27734       130.121399       440311.562    
   1.79846510E-02   7540.52881       7540.52881       135.613785       419275.781    
   1.88152362E-02   7511.11621       7511.11621       141.323425       399203.938    
   1.96841918E-02   7481.02539       7481.02539       147.257935       380052.469    
   2.05932781E-02   7450.24121       7450.24121       153.424896       361780.250    
   2.15443484E-02   7418.75000       7418.75000       159.832138       344347.844    
   2.25393437E-02   7386.54834       7386.54834       166.487946       327718.000    
   2.35802922E-02   7353.44385       7353.44385       173.396362       311847.031    
   2.46693026E-02   7319.50635       7319.50635       180.567123       296705.031    
   2.58086193E-02   7285.18848       7285.18848       188.020660       282277.344    
   2.70005390E-02   7250.10254       7250.10254       195.756683       268516.969    
   2.82475203E-02   7214.00732       7214.00732       203.777817       255385.516    
   2.95520928E-02   7177.08301       7177.08301       212.097824       242862.094    
   3.09169143E-02   7139.32275       7139.32275       220.725830       230919.641    
   3.23447660E-02   7100.70410       7100.70410       229.670609       219531.781    
   3.38385329E-02   7061.19971       7061.19971       238.940643       208673.344    
   3.54013145E-02   7020.79590       7020.79590       248.545410       198320.203    
   3.70362736E-02   6979.46973       6979.46973       258.493561       188449.562    
   3.87467444E-02   6937.20312       6937.20312       268.794037       179039.641    
   4.05362062E-02   6893.97656       6893.97656       279.455658       170069.609    
   4.24083136E-02   6849.76514       6849.76514       290.487000       161519.391    
   4.43668813E-02   6804.54883       6804.54883       301.896606       153370.000    
   4.64159027E-02   6758.30811       6758.30811       313.692963       145603.297    
   4.85595539E-02   6711.01562       6711.01562       325.883911       138201.750    
   5.08022085E-02   6662.65088       6662.65088       338.477386       131148.844    
   5.31484336E-02   6613.19629       6613.19629       351.481018       124428.812    
   5.56029640E-02   6562.62939       6562.62939       364.901642       118026.609    
   5.81709109E-02   6510.91846       6510.91846       378.746063       111927.391    
   6.08574487E-02   6458.04248       6458.04248       393.019989       106117.539    
   6.36680648E-02   6403.97656       6403.97656       407.728790       100583.812    
   6.66084811E-02   6348.69336       6348.69336       422.876831       95313.5859    
   6.96846992E-02   6292.17383       6292.17383       438.468231       90294.9141    
   7.29029179E-02   6234.38623       6234.38623       454.504944       85516.2812    
   7.62698352E-02   6175.29883       6175.29883       470.989014       80966.4609    
   7.97922537E-02   6114.89160       6114.89160       487.920990       76635.1562    
   8.34773406E-02   6053.13379       6053.13379       505.299500       72512.2969    
   8.73326212E-02   5990.02148       5990.02148       523.124268       68588.5938    
   9.13659558E-02   5925.47217       5925.47217       541.386414       64854.2695    
   9.55855623E-02   5859.27637       5859.27637       560.062256       61298.7578    
  0.100000046       5791.65527       5791.65527       579.165771       57916.5273    
  0.104618303       5722.70117       5722.70117       598.699280       54700.7656    
  0.109449953       5652.43848       5652.43848       618.659119       51644.0469    
  0.114504740       5580.64258       5580.64258       639.010010       48737.2188    
  0.119792975       5507.03418       5507.03418       659.704041       45971.2617    
  0.125325441       5431.79053       5431.79053       680.741516       43341.4844    
  0.131113425       5354.91162       5354.91162       702.100830       40841.8242    
  0.137168705       5276.35303       5276.35303       723.750488       38466.1562    
  0.143503651       5196.07520       5196.07520       745.655762       36208.6602    
  0.150131166       5114.05029       5114.05029       767.778320       34063.8828    
  0.157064602       5030.25146       5030.25146       790.074463       32026.6406    
  0.164318413       4944.64062       4944.64062       812.495483       30091.8223    
  0.171907216       4857.18555       4857.18555       834.985229       28254.6934    
  0.179846510       4767.85547       4767.85547       857.482178       26510.6914    
  0.188152462       4676.62500       4676.62500       879.918518       24855.5078    
  0.196841836       4583.45068       4583.45068       902.214844       23284.9414    
  0.205932692       4488.31689       4488.31689       924.291199       21795.0684    
  0.215443403       4391.18213       4391.18213       946.051208       20382.0684    
  0.225393340       4292.02734       4292.02734       967.394348       19042.3867    
  0.235802814       4190.80762       4190.80762       988.204224       17772.5098    
  0.246693030       4087.52490       4087.52490       1008.36389       16569.2754    
  0.258086205       3982.13916       3982.13916       1027.73523       15429.4922    
  0.270005524       3874.61963       3874.61963       1046.16870       14350.1494    
  0.282475352       3764.96338       3764.96338       1063.50940       13328.4668    
  0.295521080       3653.15039       3653.15039       1079.58301       12361.7256    
  0.309169292       3539.17188       3539.17188       1094.20325       11447.3594    
  0.323447824       3422.88965       3422.88965       1107.12622       10582.5098    
  0.338385493       3304.37256       3304.37256       1118.15173       9765.11328    
  0.354013354       3183.80762       3183.80762       1127.11035       8993.46777    
  0.370362580       3061.08057       3061.08057       1133.70972       8265.09180    
  0.387467265       2936.17188       2936.17188       1137.67053       7577.85791    
  0.405361891       2809.12549       2809.12549       1138.71240       6929.91992    
  0.424082935       2679.95557       2679.95557       1136.52344       6319.41406    
  0.443668604       2548.72217       2548.72217       1130.78796       5744.65283    
  0.464158803       2415.70605       2415.70605       1121.27124       5204.48193    
  0.485595316       2280.81787       2280.81787       1107.55444       4696.95215    
  0.508021832       2143.85449       2143.85449       1089.12488       4220.00488    
  0.531484127       2005.09326       2005.09326       1065.67529       3772.63062    
  0.556029916       1864.71924       1864.71924       1036.83972       3353.63110    
  0.581709385       1722.87305       1722.87305       1002.21143       2961.74194    
  0.608574808       1579.73438       1579.73438       961.386536       2595.79321    
  0.636680961       1435.48193       1435.48193       913.944031       2254.63306    
  0.666085184       1290.35059       1290.35059       859.483398       1937.21558    
  0.696847379       1144.61914       1144.61914       797.624878       1642.56787    
  0.729028881       998.563965       998.563965       727.981995       1369.71802    
  0.762698054       852.530762       852.530762       650.223572       1117.78284    
  0.797922134       706.908203       706.908203       564.057678       885.936340    
  0.834773064       562.068848       562.068848       469.199921       673.319336    
  0.873325825       418.460938       418.460938       365.452728       479.157867    
  0.913659155       276.577148       276.577148       252.697250       302.713715    
  0.955855191       136.918945       136.918945       130.874680       143.242355    
   1.00000000       0.00000000       0.00000000       0.00000000       0.00000000    
