   1.00000034E-05   112636096.    
   1.04618393E-05   102981304.    
   1.09450039E-05   94156976.0    
   1.14504837E-05   86091520.0    
   1.19792967E-05   78719736.0    
   1.25325432E-05   71981536.0    
   1.31113402E-05   65822504.0    
   1.37168690E-05   60192728.0    
   1.43503630E-05   55046636.0    
   1.50131145E-05   50342564.0    
   1.57064733E-05   46042464.0    
   1.64318553E-05   42111532.0    
   1.71907195E-05   38518084.0    
   1.79846484E-05   35232900.0    
   1.88152444E-05   32229532.0    
   1.96841993E-05   29483732.0    
   2.05932865E-05   26973332.0    
   2.15443579E-05   24678088.0    
   2.25393524E-05   22579490.0    
   2.35802781E-05   20660664.0    
   2.46692998E-05   18906076.0    
   2.58086166E-05   17301648.0    
   2.70005494E-05   15834474.0    
   2.82475321E-05   14492757.0    
   2.95521040E-05   13265721.0    
   3.09169263E-05   12143515.0    
   3.23447784E-05   11117140.0    
   3.38385762E-05   10178363.0    
   3.54013282E-05   9319689.00    
   3.70362905E-05   8534206.00    
   3.87467589E-05   7815656.50    
   4.05362225E-05   7158298.50    
   4.24083300E-05   6556888.00    
   4.43668978E-05   6006628.50    
   4.64159202E-05   5503139.50    
   4.85595265E-05   5042425.00    
   5.08021767E-05   4620804.50    
   5.31484038E-05   4234940.50    
   5.56029881E-05   3881776.50    
   5.81709319E-05   3558515.75    
   6.08574737E-05   3262603.25    
   6.36680852E-05   2991702.75    
   6.66085107E-05   2743677.75    
   6.96847274E-05   2516577.75    
   7.29029489E-05   2308621.25    
   7.62698692E-05   2118168.50    
   7.97922839E-05   1943732.62    
   8.34773746E-05   1783950.00    
   8.73326571E-05   1637573.25    
   9.13659896E-05   1503463.50    
   9.55855066E-05   1380580.25    
   9.99999902E-05   1267965.50    
   1.04618346E-04   1164750.75    
   1.09449989E-04   1070139.38    
   1.14504786E-04   983401.938    
   1.19793025E-04   903872.812    
   1.25325489E-04   830942.375    
   1.31113469E-04   764053.062    
   1.37168769E-04   702695.188    
   1.43503567E-04   646403.875    
   1.50131076E-04   594749.875    
   1.57064671E-04   547344.438    
   1.64318466E-04   503830.719    
   1.71907290E-04   463882.062    
   1.79846582E-04   427199.750    
   1.88152539E-04   393510.438    
   1.96841909E-04   362564.656    
   2.05932767E-04   334132.188    
   2.15443477E-04   308004.219    
   2.25393422E-04   283989.000    
   2.35802901E-04   261911.078    
   2.46693118E-04   241609.797    
   2.58086278E-04   222938.094    
   2.70005636E-04   205761.312    
   2.82475463E-04   189956.156    
   2.95520906E-04   175410.016    
   3.09169118E-04   162018.891    
   3.23447661E-04   149688.375    
   3.38385609E-04   138331.703    
   3.54013464E-04   127869.367    
   3.70362919E-04   118228.641    
   3.87467589E-04   109342.602    
   4.05362225E-04   101150.125    
   4.24083089E-04   93595.2500    
   4.43668774E-04   86626.3672    
   4.64158977E-04   80196.4453    
   4.85595490E-04   74262.2266    
   5.08022029E-04   68784.0547    
   5.31484082E-04   63725.5742    
   5.56029903E-04   59053.3281    
   5.81709028E-04   54736.7539    
   6.08574483E-04   50747.6211    
   6.36680576E-04   47060.1719    
   6.66084758E-04   43650.6758    
   6.96846982E-04   40497.3438    
   7.29029824E-04   37580.1758    
   7.62698706E-04   34880.7891    
   7.97922839E-04   32382.2441    
   8.34773760E-04   30069.0137    
   8.73326149E-04   27926.8281    
   9.13659518E-04   25942.4961    
   9.55855532E-04   24103.9492    
   1.00000040E-03   22400.0488    
   1.04618352E-03   20820.5684    
   1.09449995E-03   19356.0410    
   1.14504783E-03   17997.7891    
   1.19793031E-03   16737.8027    
   1.25325436E-03   15568.7217    
   1.31113420E-03   14483.7158    
   1.37168705E-03   13476.5283    
   1.43503572E-03   12541.3848    
   1.50131085E-03   11672.9238    
   1.57064665E-03   10866.2363    
   1.64318481E-03   10116.7715    
   1.71907293E-03   9420.33203    
   1.79846585E-03   8773.04102    
   1.88152457E-03   8171.32129    
   1.96841918E-03   7611.85400    
   2.05932767E-03   7091.57373    
   2.15443480E-03   6607.65430    
   2.25393428E-03   6157.47754    
   2.35802913E-03   5738.62061    
   2.46693124E-03   5348.84229    
   2.58086296E-03   4986.06641    
   2.70005385E-03   4648.37695    
   2.82475213E-03   4333.97949    
   2.95520923E-03   4041.23218    
   3.09169129E-03   3768.60596    
   3.23447655E-03   3514.68286    
   3.38385627E-03   3278.14917    
   3.54013499E-03   3057.78613    
   3.70362913E-03   2852.46558    
   3.87467607E-03   2661.13354    
   4.05362062E-03   2482.82031    
   4.24083136E-03   2316.61865    
   4.43668803E-03   2161.69043    
   4.64159017E-03   2017.25671    
   4.85595502E-03   1882.59290    
   5.08021796E-03   1757.02734    
   5.31484094E-03   1639.93188    
   5.56029892E-03   1530.72729    
   5.81709063E-03   1428.87341    
   6.08574459E-03   1333.86572    
   6.36680610E-03   1245.23804    
   6.66084792E-03   1162.55579    
   6.96846657E-03   1085.41492    
   7.29029533E-03   1013.43756    
   7.62698706E-03   946.274292    
   7.97922816E-03   883.598938    
   8.34773760E-03   825.107910    
   8.73326231E-03   770.518982    
   9.13659483E-03   719.567993    
   9.55855101E-03   672.010742    
   9.99999978E-03   627.617676    
   1.04618352E-02   586.176880    
   1.09449998E-02   547.489929    
   1.14504788E-02   511.372040    
   1.19793033E-02   477.651154    
   1.25325443E-02   446.167053    
   1.31113352E-02   416.769897    
   1.37168644E-02   389.319855    
   1.43503575E-02   363.687256    
   1.50131090E-02   339.750854    
   1.57064684E-02   317.397644    
   1.64318476E-02   296.522217    
   1.71907302E-02   277.026123    
   1.79846510E-02   258.817902    
   1.88152362E-02   241.811737    
   1.96841918E-02   225.927643    
   2.05932781E-02   211.091354    
   2.15443484E-02   197.233353    
   2.25393437E-02   184.288788    
   2.35802922E-02   172.197144    
   2.46693026E-02   160.902084    
   2.58086193E-02   150.350662    
   2.70005390E-02   140.493881    
   2.82475203E-02   131.285629    
   2.95520928E-02   122.683151    
   3.09169143E-02   114.646439    
   3.23447660E-02   107.138145    
   3.38385329E-02   100.123520    
   3.54013145E-02   93.5697403    
   3.70362736E-02   87.4465408    
   3.87467444E-02   81.7255173    
   4.05362062E-02   76.3802185    
   4.24083136E-02   71.3858490    
   4.43668813E-02   66.7193222    
   4.64159027E-02   62.3590584    
   4.85595539E-02   58.2848892    
   5.08022085E-02   54.4797592    
   5.31484336E-02   50.9253159    
   5.56029640E-02   47.6037369    
   5.81709109E-02   44.4996109    
   6.08574487E-02   41.5987434    
   6.36680648E-02   38.8878059    
   6.66084811E-02   36.3543434    
   6.96846992E-02   33.9867210    
   7.29029179E-02   31.7741261    
   7.62698352E-02   29.7062969    
   7.97922537E-02   27.7737942    
   8.34773406E-02   25.9677620    
   8.73326212E-02   24.2799091    
   9.13659558E-02   22.7024956    
   9.55855623E-02   21.2282944    
  0.100000046       19.8505440    
  0.104618303       18.5629635    
  0.109449953       17.3595924    
  0.114504740       16.2349548    
  0.119792975       15.1838923    
  0.125325441       14.2016001    
  0.131113425       13.2835770    
  0.137168705       12.4256258    
  0.143503651       11.6238174    
  0.150131166       10.8744850    
  0.157064602       10.1742201    
  0.164318413       9.51978493    
  0.171907216       8.90820789    
  0.179846510       8.33669090    
  0.188152462       7.80262423    
  0.196841836       7.30357885    
  0.205932692       6.83725405    
  0.215443403       6.40153170    
  0.225393340       5.99442434    
  0.235802814       5.61407328    
  0.246693030       5.25874472    
  0.258086205       4.92681885    
  0.270005524       4.61678314    
  0.282475352       4.32722569    
  0.295521080       4.05682945    
  0.309169292       3.80436373    
  0.323447824       3.56868219    
  0.338385493       3.34871888    
  0.354013354       3.14346790    
  0.370362580       2.95200944    
  0.387467265       2.77346873    
  0.405361891       2.60704660    
  0.424082935       2.45199394    
  0.443668604       2.30761552    
  0.464158803       2.17326713    
  0.485595316       2.04835176    
  0.508021832       1.93231702    
  0.531484127       1.82465422    
  0.556029916       1.72489548    
  0.581709385       1.63261151    
  0.608574808       1.54741085    
  0.636680961       1.46893799    
  0.666085184       1.39687216    
  0.696847379       1.33092666    
  0.729028881       1.27085006    
  0.762698054       1.21641564    
  0.797922134       1.16743672    
  0.834773064       1.12375546    
  0.873325825       1.08524597    
  0.913659155       1.05181432    
  0.955855191       1.02339947    
   1.00000000      0.999974847    
