   1.00000034E-05   2.84838602E-02   2.32966412E-02   5.10713039E-03  0.970468104      0.573641062      0.396827042      -9.70469378E-21   1.12811988E-03   1.00000000    
   1.04618393E-05   2.97586732E-02   2.43392959E-02   5.33570303E-03  0.969143510      0.572858095      0.396285385      -1.16096794E-20   1.18140865E-03  0.999999940    
   1.09450039E-05   3.10886446E-02   2.54270639E-02   5.57416631E-03  0.967761636      0.572041333      0.395720363      -1.38877550E-20   1.23713852E-03   1.00000000    
   1.14504837E-05   3.24759744E-02   2.65617482E-02   5.82291372E-03  0.966319919      0.571189106      0.395130843      -1.66117836E-20   1.29541475E-03   1.00000012    
   1.19792967E-05   3.39229219E-02   2.77451910E-02   6.08234992E-03  0.964815974      0.570300162      0.394515872      -1.98687135E-20   1.35634444E-03  0.999999940    
   1.25325432E-05   3.54319140E-02   2.89793797E-02   6.35291077E-03  0.963247538      0.569373071      0.393874556      -2.37626453E-20   1.42004341E-03  0.999999881    
   1.31113402E-05   3.70053425E-02   3.02662682E-02   6.63502514E-03  0.961612046      0.568406343      0.393205792      -2.84176542E-20   1.48662576E-03   1.00000012    
   1.37168690E-05   3.86457294E-02   3.16079222E-02   6.92914473E-03  0.959906697      0.567398310      0.392508447      -3.39820045E-20   1.55621290E-03   1.00000000    
   1.43503630E-05   4.03556414E-02   3.30064408E-02   7.23573007E-03  0.958128810      0.566347420      0.391781479      -4.06326788E-20   1.62892847E-03   1.00000000    
   1.50131145E-05   4.21377569E-02   3.44640166E-02   7.55526265E-03  0.956275821      0.565252066      0.391023785      -4.85809895E-20   1.70490250E-03   1.00000000    
   1.57064733E-05   4.39948030E-02   3.59828696E-02   7.88822863E-03  0.954344630      0.564110518      0.390234113      -5.80791102E-20   1.78426725E-03   1.00000000    
   1.64318553E-05   4.59295958E-02   3.75653207E-02   8.23513512E-03  0.952332318      0.562921107      0.389411271      -6.94280541E-20   1.86716008E-03   1.00000000    
   1.71907195E-05   4.79449630E-02   3.92136686E-02   8.59648921E-03  0.950236022      0.561681986      0.388554096      -8.29865460E-20   1.95372012E-03  0.999999940    
   1.79846484E-05   5.00439741E-02   4.09304239E-02   8.97283945E-03  0.948052466      0.560391307      0.387661248      -9.91836794E-20   2.04409799E-03  0.999999881    
   1.88152444E-05   5.22296205E-02   4.27180417E-02   9.36472509E-03  0.945778668      0.559047282      0.386731505      -1.18530200E-19   2.13844143E-03   1.00000000    
   1.96841993E-05   5.45049943E-02   4.45790440E-02   9.77269653E-03  0.943411291      0.557647884      0.385763466      -1.41635487E-19   2.23690388E-03   1.00000000    
   2.05932865E-05   5.68732806E-02   4.65160385E-02   1.01973275E-02  0.940946937      0.556191206      0.384755760      -1.69226277E-19   2.33964506E-03  0.999999940    
   2.15443579E-05   5.93377165E-02   4.85316738E-02   1.06391991E-02  0.938382328      0.554675281      0.383707047      -2.02168732E-19   2.44682678E-03   1.00000000    
   2.25393524E-05   6.19016029E-02   5.06286509E-02   1.10989027E-02  0.935713768      0.553097904      0.382615924      -2.41495328E-19   2.55861669E-03   1.00000000    
   2.35802781E-05   6.45682737E-02   5.28096892E-02   1.15770344E-02  0.932938099      0.551457167      0.381480902      -2.88435346E-19   2.67518219E-03   1.00000000    
   2.46692998E-05   6.73412532E-02   5.50776832E-02   1.20742265E-02  0.930051267      0.549750865      0.380300522      -3.44456360E-19   2.79670279E-03   1.00000000    
   2.58086166E-05   7.02239722E-02   5.74354231E-02   1.25910956E-02  0.927050054      0.547976792      0.379073292      -4.11303229E-19   2.92335497E-03   1.00000000    
   2.70005494E-05   7.32199475E-02   5.98857999E-02   1.31282713E-02  0.923930585      0.546132863      0.377797723      -4.91054582E-19   3.05531942E-03   1.00000000    
   2.82475321E-05   7.63327479E-02   6.24317303E-02   1.36863953E-02  0.920688987      0.544216812      0.376472235      -5.86185418E-19   3.19278124E-03  0.999999940    
   2.95521040E-05   7.95660019E-02   6.50761724E-02   1.42661128E-02  0.917321742      0.542226434      0.375095338      -6.99641098E-19   3.33593134E-03   1.00000000    
   3.09169263E-05   8.29233304E-02   6.78220838E-02   1.48680778E-02  0.913824916      0.540159464      0.373665482      -8.34926332E-19   3.48495762E-03   1.00000012    
   3.23447784E-05   8.64083767E-02   7.06724748E-02   1.54929450E-02  0.910194397      0.538013518      0.372180969      -9.96210008E-19   3.64005705E-03   1.00000000    
   3.38385762E-05   9.00248289E-02   7.36303329E-02   1.61413718E-02  0.906426847      0.535786510      0.370640397      -1.18845050E-18   3.80142243E-03   1.00000000    
   3.54013282E-05   9.37762782E-02   7.66985938E-02   1.68140028E-02  0.902518153      0.533476055      0.369042128      -1.41753631E-18   3.96924792E-03   1.00000000    
   3.70362905E-05   9.76665467E-02   7.98804164E-02   1.75115261E-02  0.898464382      0.531079888      0.367384523      -1.69048296E-18   4.14374238E-03   1.00000012    
   3.87467589E-05  0.101699173       8.31786469E-02   1.82345696E-02  0.894261599      0.528595686      0.365666002      -2.01560796E-18   4.32510022E-03   1.00000012    
   4.05362225E-05  0.105877824       8.65963325E-02   1.89838000E-02  0.889906347      0.526021242      0.363885105      -2.40279879E-18   4.51352354E-03   1.00000000    
   4.24083300E-05  0.110206045       9.01363343E-02   1.97598450E-02  0.885394514      0.523354352      0.362040222      -2.86379234E-18   4.70921025E-03  0.999999940    
   4.43668978E-05  0.114687398       9.38015878E-02   2.05633491E-02  0.880722642      0.520592809      0.360129893      -3.41252204E-18   4.91236337E-03   1.00000000    
   4.64159202E-05  0.119325288       9.75948647E-02   2.13949177E-02  0.875886977      0.517734468      0.358152568      -4.06551868E-18   5.12318034E-03   1.00000000    
   4.85595265E-05  0.124123007      0.101518854       2.22551432E-02  0.870884120      0.514777303      0.356106907      -4.84237197E-18   5.34185069E-03   1.00000012    
   5.08021767E-05  0.129083991      0.105576396       2.31446438E-02  0.865710318      0.511719048      0.353991300      -5.76636125E-18   5.56857791E-03  0.999999940    
   5.31484038E-05  0.134211332      0.109769993       2.40639709E-02  0.860362470      0.508557916      0.351804525      -6.86502874E-18   5.80355106E-03  0.999999940    
   5.56029881E-05  0.139507979      0.114102066       2.50136554E-02  0.854837298      0.505292058      0.349545300      -8.17101500E-18   6.04695268E-03   1.00000000    
   5.81709319E-05  0.144976854      0.118574992       2.59942189E-02  0.849131823      0.501919568      0.347212315      -9.72297622E-18   6.29896251E-03   1.00000012    
   6.08574737E-05  0.150620550      0.123190910       2.70061288E-02  0.843243182      0.498438805      0.344804436      -1.15666750E-17   6.55975798E-03   1.00000000    
   6.36680852E-05  0.156441599      0.127951890       2.80498397E-02  0.837168813      0.494848251      0.342320591      -1.37562535E-17   6.82950439E-03   1.00000012    
   6.66085107E-05  0.162442312      0.132859796       2.91257594E-02  0.830906093      0.491146386      0.339759767      -1.63557645E-17   7.10836425E-03   1.00000012    
   6.96847274E-05  0.168624625      0.137916252       3.02342437E-02  0.824452996      0.487331986      0.337121099      -1.94409000E-17   7.39647914E-03   1.00000000    
   7.29029489E-05  0.174990237      0.143122613       3.13755907E-02  0.817807734      0.483403981      0.334403783      -2.31010435E-17   7.69399293E-03   1.00000000    
   7.62698692E-05  0.181540892      0.148480326       3.25501189E-02  0.810968459      0.479361296      0.331607223      -2.74420146E-17   8.00104160E-03   1.00000000    
   7.97922839E-05  0.188277647      0.153990254       3.37580144E-02  0.803933918      0.475203216      0.328730792      -3.25884677E-17   8.31773598E-03   1.00000000    
   8.34773746E-05  0.195201337      0.159653068       3.49994265E-02  0.796703219      0.470929146      0.325774103      -3.86875913E-17   8.64417944E-03  0.999999940    
   8.73326571E-05  0.202312618      0.165469289       3.62744704E-02  0.789275765      0.466538787      0.322737038      -4.59129842E-17   8.98046140E-03   1.00000000    
   9.13659896E-05  0.209611475      0.171438947       3.75831462E-02  0.781651318      0.462031990      0.319619328      -5.44692345E-17   9.32665076E-03   1.00000012    
   9.55855066E-05  0.217097610      0.177561775       3.89254056E-02  0.773829937      0.457408786      0.316421151      -6.45972009E-17   9.68280155E-03  0.999999881    
   9.99999902E-05  0.224770740      0.183837563       4.03011926E-02  0.765812278      0.452669591      0.313142717      -7.65811951E-17   1.00489631E-02   1.00000000    
   1.04618346E-04  0.232629582      0.190265208       4.17102762E-02  0.757599413      0.447814971      0.309784472      -9.07551069E-17   1.04251485E-02   1.00000000    
   1.09449989E-04  0.240672603      0.196843520       4.31523807E-02  0.749192536      0.442845732      0.306346893      -1.07511854E-16   1.08113531E-02  0.999999881    
   1.14504786E-04  0.248898014      0.203570977       4.46271896E-02  0.740594268      0.437763274      0.302831024      -1.27313618E-16   1.12075666E-02   1.00000000    
   1.19793025E-04  0.257303238      0.210445523       4.61342409E-02  0.731806457      0.432568878      0.299237669      -1.50703162E-16   1.16137331E-02   1.00000012    
   1.25325489E-04  0.265885383      0.217464775       4.76730093E-02  0.722832322      0.427264303      0.295568109      -1.78317998E-16   1.20297922E-02   1.00000000    
   1.31113469E-04  0.274641097      0.224625960       4.92429025E-02  0.713675380      0.421851635      0.291823804      -2.10906492E-16   1.24556581E-02  0.999999940    
   1.37168769E-04  0.283566445      0.231925905       5.08432090E-02  0.704339623      0.416333288      0.288006395      -2.49346383E-16   1.28912125E-02   1.00000000    
   1.43503567E-04  0.292656749      0.239360780       5.24730943E-02  0.694829822      0.410712004      0.284117788      -2.94665398E-16   1.33363102E-02   1.00000000    
   1.50131076E-04  0.301907599      0.246926948       5.41317612E-02  0.685150504      0.404990613      0.280159891      -3.48071408E-16   1.37908114E-02   1.00000000    
   1.57064671E-04  0.311313212      0.254619688       5.58181852E-02  0.675307572      0.399172485      0.276135117      -4.10975198E-16   1.42545123E-02  0.999999940    
   1.64318466E-04  0.320867747      0.262434274       5.75313009E-02  0.665307283      0.393261313      0.272045940      -4.85029012E-16   1.47272060E-02   1.00000012    
   1.71907290E-04  0.330564737      0.270365298       5.92699572E-02  0.655156016      0.387260973      0.267895073      -5.72165780E-16   1.52086513E-02  0.999999940    
   1.79846582E-04  0.340397149      0.278407156       6.10329062E-02  0.644861281      0.381175756      0.263685524      -6.74644590E-16   1.56985875E-02  0.999999940    
   1.88152539E-04  0.350357711      0.286553800       6.28188327E-02  0.634430647      0.375010252      0.259420395      -7.95105010E-16   1.61967296E-02   1.00000000    
   1.96841909E-04  0.360438228      0.294798523       6.46262541E-02  0.623872399      0.368769318      0.255103141      -9.36625740E-16   1.67027414E-02   1.00000000    
   2.05932767E-04  0.370630801      0.303134918       6.64537698E-02  0.613195002      0.362457931      0.250737101      -1.10280937E-15   1.72163323E-02   1.00000000    
   2.15443477E-04  0.380926460      0.311555594       6.82997778E-02  0.602407396      0.356081396      0.246326029      -1.29784760E-15   1.77371074E-02  0.999999881    
   2.25393422E-04  0.391316116      0.320053220       7.01626390E-02  0.591519475      0.349645555      0.241873890      -1.52663077E-15   1.82647053E-02   1.00000000    
   2.35802901E-04  0.401790231      0.328619838       7.20406249E-02  0.580540836      0.343156129      0.237384707      -1.79485477E-15   1.87987126E-02   1.00000000    
   2.46693118E-04  0.412338942      0.337247550       7.39319995E-02  0.569481790      0.336619139      0.232862651      -2.10915248E-15   1.93387158E-02   1.00000000    
   2.58086278E-04  0.422952026      0.345927894       7.58349299E-02  0.558352888      0.330040902      0.228312016      -2.47724209E-15   1.98842697E-02   1.00000000    
   2.70005636E-04  0.433619261      0.354652524       7.77475536E-02  0.547164977      0.323427767      0.223737240      -2.90810170E-15   2.04349235E-02   1.00000000    
   2.82475463E-04  0.444329947      0.363412648       7.96679631E-02  0.535929203      0.316786319      0.219142914      -3.41216720E-15   2.09902097E-02   1.00000012    
   2.95520906E-04  0.455072939      0.372199267       8.15941766E-02  0.524656892      0.310123295      0.214533627      -4.00155008E-15   2.15496290E-02   1.00000000    
   3.09169118E-04  0.465837926      0.381003797       8.35243240E-02  0.513359129      0.303445220      0.209913939      -4.69035474E-15   2.21127085E-02   1.00000000    
   3.23447661E-04  0.476613492      0.389816999       8.54563788E-02  0.502047598      0.296758980      0.205288619      -5.49491406E-15   2.26789303E-02  0.999999940    
   3.38385609E-04  0.487388670      0.398629904       8.73883516E-02  0.490733922      0.290071517      0.200662419      -6.43418636E-15   2.32477989E-02   1.00000000    
   3.54013464E-04  0.498152286      0.407433331       8.93182606E-02  0.479429662      0.283389598      0.196040094      -7.53015594E-15   2.38187835E-02   1.00000012    
   3.70362919E-04  0.508893132      0.416218191       9.12440866E-02  0.468146324      0.276720047      0.191426307      -8.80829054E-15   2.43913718E-02  0.999999940    
   3.87467589E-04  0.519600451      0.424975604       9.31639001E-02  0.456895322      0.270069629      0.186825737      -1.02981266E-14   2.49650422E-02  0.999999881    
   4.05362225E-04  0.530263603      0.433696836       9.50757936E-02  0.445688099      0.263445050      0.182243094      -1.20338377E-14   2.55392827E-02   1.00000012    
   4.24083089E-04  0.540871441      0.442372859       9.69777554E-02  0.434535772      0.256852955      0.177682862      -1.40549532E-14   2.61135753E-02   1.00000012    
   4.43668774E-04  0.551413834      0.450995386       9.88680124E-02  0.423449218      0.250299692      0.173149541      -1.64072874E-14   2.66874228E-02   1.00000000    
   4.64158977E-04  0.561880529      0.459555984      0.100744680      0.412439078      0.243791655      0.168647468      -1.91437391E-14   2.72603109E-02   1.00000012    
   4.85595490E-04  0.572261572      0.468046606      0.102605991      0.401515663      0.237334847      0.164180845      -2.23254947E-14   2.78317500E-02   1.00000012    
   5.08022029E-04  0.582547426      0.476459295      0.104450241      0.390689105      0.230935290      0.159753844      -2.60232475E-14   2.84012649E-02  0.999999940    
   5.31484082E-04  0.592728972      0.484786600      0.106275775      0.379969239      0.224598810      0.155370459      -3.03186228E-14   2.89684050E-02   1.00000012    
   5.56029903E-04  0.602797270      0.493021339      0.108081013      0.369364917      0.218330637      0.151034325      -3.53059765E-14   2.95326989E-02   1.00000000    
   5.81709028E-04  0.612743855      0.501156569      0.109864429      0.358885348      0.212136149      0.146749184      -4.10940474E-14   3.00937146E-02   1.00000000    
   6.08574483E-04  0.622560918      0.509185851      0.111624621      0.348538429      0.206020132      0.142518312      -4.78085589E-14   3.06510534E-02  0.999999940    
   6.36680576E-04  0.632241011      0.517103076      0.113360249      0.338332385      0.199987367      0.138345033      -5.55942655E-14   3.12043149E-02   1.00000000    
   6.66084758E-04  0.641776800      0.524902344      0.115070015      0.328274488      0.194042161      0.134232327      -6.46182326E-14   3.17531079E-02  0.999999940    
   6.96846982E-04  0.651162148      0.532578528      0.116752796      0.318371594      0.188188598      0.130182996      -7.50730316E-14   3.22970897E-02   1.00000000    
   7.29029824E-04  0.660390794      0.540126503      0.118407480      0.308630079      0.182430416      0.126199678      -8.71805137E-14   3.28359306E-02   1.00000000    
   7.62698706E-04  0.669457138      0.547541797      0.120033078      0.299055845      0.176771104      0.122284748      -1.01196239E-13   3.33693139E-02   1.00000012    
   7.97922839E-04  0.678356349      0.554820299      0.121628694      0.289653987      0.171213701      0.118440308      -1.17414880E-13   3.38969491E-02  0.999999940    
   8.34773760E-04  0.687083840      0.561958432      0.123193532      0.280429393      0.165761068      0.114668347      -1.36175413E-13   3.44185792E-02  0.999999940    
   8.73326149E-04  0.695635736      0.568952918      0.124726862      0.271386296      0.160415724      0.110970594      -1.57867873E-13   3.49339731E-02   1.00000012    
   9.13659518E-04  0.704008341      0.575800836      0.126228064      0.262528181      0.155179709      0.107348494      -1.82942027E-13   3.54429036E-02   1.00000000    
   9.55855532E-04  0.712198913      0.582499743      0.127696633      0.253858417      0.150055051      0.103803404      -2.11914470E-13   3.59451920E-02   1.00000000    
   1.00000040E-03  0.720204830      0.589047730      0.129132077      0.245379552      0.145043194      0.100336365      -2.45379942E-13   3.64406519E-02   1.00000000    
   1.04618352E-03  0.728024006      0.595442951      0.130534053      0.237093881      0.140145570       9.69483331E-02  -2.84021911E-13   3.69291417E-02   1.00000012    
   1.09449995E-03  0.735655069      0.601684272      0.131902292      0.229002923      0.135363013       9.36399177E-02  -3.28627560E-13   3.74105647E-02   1.00000000    
   1.14504783E-03  0.743096650      0.607770741      0.133236572      0.221107885      0.130696282       9.04116184E-02  -3.80100763E-13   3.78847867E-02   1.00000000    
   1.19793031E-03  0.750348449      0.613701880      0.134536818      0.213409603      0.126145855       8.72637704E-02  -4.39481080E-13   3.83517593E-02   1.00000000    
   1.25325436E-03  0.757409751      0.619477272      0.135802895      0.205908477      0.121711954       8.41965303E-02  -5.07961891E-13   3.88113968E-02   1.00000000    
   1.31113420E-03  0.764281034      0.625097215      0.137034908      0.198604226      0.117394425       8.12098086E-02  -5.86917505E-13   3.92637029E-02   1.00000012    
   1.37168705E-03  0.770962596      0.630561948      0.138232902      0.191496491      0.113193072       7.83034340E-02  -6.77923917E-13   3.97086293E-02   1.00000000    
   1.43503572E-03  0.777455270      0.635872245      0.139397025      0.184584513      0.109107420       7.54771084E-02  -7.82791475E-13   4.01461758E-02   1.00000000    
   1.50131085E-03  0.783760369      0.641029119      0.140527532      0.177866921      0.105136663       7.27302656E-02  -9.03603093E-13   4.05763984E-02   1.00000000    
   1.57064665E-03  0.789879203      0.646033645      0.141624644      0.171342358      0.101280011       7.00623542E-02  -1.04274640E-12   4.09993008E-02  0.999999940    
   1.64318481E-03  0.795813680      0.650887370      0.142688677      0.165008947       9.75363553E-02   6.74726069E-02  -1.20296546E-12   4.14149612E-02   1.00000000    
   1.71907293E-03  0.801565647      0.655591846      0.143720001      0.158864677       9.39044803E-02   6.49601966E-02  -1.38740918E-12   4.18234244E-02   1.00000000    
   1.79846585E-03  0.807137430      0.660148978      0.144719034      0.152907178       9.03830230E-02   6.25241622E-02  -1.59969303E-12   4.22247946E-02   1.00000000    
   1.88152457E-03  0.812531531      0.664560735      0.145686179      0.147133932       8.69704783E-02   6.01634681E-02  -1.84396400E-12   4.26191650E-02   1.00000000    
   1.96841918E-03  0.817750514      0.668829322      0.146621943      0.141542152       8.36651921E-02   5.78769706E-02  -2.12498638E-12   4.30066325E-02   1.00000000    
   2.05932767E-03  0.822797358      0.672957063      0.147526830      0.136128783       8.04653615E-02   5.56634292E-02  -2.44822738E-12   4.33873273E-02   1.00000000    
   2.15443480E-03  0.827674866      0.676946342      0.148401365      0.130890757       7.73691833E-02   5.35215884E-02  -2.81995629E-12   4.37613912E-02  0.999999821    
   2.25393428E-03  0.832386672      0.680800021      0.149246186      0.125824839       7.43747279E-02   5.14501184E-02  -3.24736700E-12   4.41289805E-02   1.00000000    
   2.35802913E-03  0.836935461      0.684520423      0.150061771      0.120927580       7.14799762E-02   4.94476184E-02  -3.73871203E-12   4.44902182E-02   1.00000000    
   2.46693124E-03  0.841324866      0.688110471      0.150848791      0.116195478       6.86828345E-02   4.75126468E-02  -4.30345646E-12   4.48452868E-02   1.00000012    
   2.58086296E-03  0.845558286      0.691572964      0.151607841      0.111624897       6.59811795E-02   4.56437245E-02  -4.95245902E-12   4.51943502E-02   1.00000000    
   2.70005385E-03  0.849639058      0.694910645      0.152339533      0.107212298       6.33729026E-02   4.38393988E-02  -5.69815592E-12   4.55375575E-02   1.00000000    
   2.82475213E-03  0.853571177      0.698126614      0.153044552      0.102953687       6.08556531E-02   4.20980453E-02  -6.55485779E-12   4.58751284E-02  0.999999940    
   2.95520923E-03  0.857357979      0.701223850      0.153723523       9.88453999E-02   5.84272519E-02   4.04181518E-02  -7.53892521E-12   4.62072566E-02   1.00000012    
   3.09169129E-03  0.861003101      0.704205155      0.154377103       9.48835984E-02   5.60854413E-02   3.87981609E-02  -8.66913138E-12   4.65341173E-02   1.00000000    
   3.23447655E-03  0.864510417      0.707073689      0.155005947       9.10644233E-02   5.38279377E-02   3.72364894E-02  -9.96700725E-12   4.68559302E-02   1.00000000    
   3.38385627E-03  0.867883384      0.709832430      0.155610710       8.73840153E-02   5.16524613E-02   3.57315652E-02  -1.14572293E-11   4.71728630E-02  0.999999940    
   3.54013499E-03  0.871125698      0.712484241      0.156192064       8.38385001E-02   4.95567136E-02   3.42817940E-02  -1.31680907E-11   4.74851541E-02   1.00000000    
   3.70362913E-03  0.874241054      0.715032279      0.156750634       8.04241076E-02   4.75384742E-02   3.28856371E-02  -1.51319964E-11   4.77930158E-02   1.00000000    
   3.87467607E-03  0.877232969      0.717479289      0.157287091       7.71368891E-02   4.55954075E-02   3.15414816E-02  -1.73861602E-11   4.80966456E-02  0.999999881    
   4.05362062E-03  0.880105197      0.719828546      0.157802075       7.39731342E-02   4.37253229E-02   3.02478168E-02  -1.99731447E-11   4.83962968E-02   1.00000000    
   4.24083136E-03  0.882861078      0.722082496      0.158296213       7.09290132E-02   4.19259518E-02   2.90030688E-02  -2.29418238E-11   4.86921556E-02  0.999999940    
   4.43668803E-03  0.885504484      0.724244535      0.158770159       6.80008531E-02   4.01951224E-02   2.78057344E-02  -2.63481407E-11   4.89844792E-02   1.00000000    
   4.64159017E-03  0.888038456      0.726317048      0.159224510       6.51849806E-02   3.85306701E-02   2.66543161E-02  -3.02562211E-11   4.92734686E-02   1.00000000    
   4.85595502E-03  0.890466630      0.728303015      0.159659877       6.24777712E-02   3.69304456E-02   2.55473312E-02  -3.47395515E-11   4.95593622E-02   1.00000000    
   5.08021796E-03  0.892792225      0.730205119      0.160076857       5.98756969E-02   3.53923663E-02   2.44833361E-02  -3.98822780E-11   4.98423986E-02   1.00000000    
   5.31484094E-03  0.895018518      0.732025981      0.160476029       5.73752113E-02   3.39143351E-02   2.34608818E-02  -4.57810109E-11   5.01228049E-02   1.00000000    
   5.56029892E-03  0.897148728      0.733768225      0.160857961       5.49729280E-02   3.24943513E-02   2.24785805E-02  -5.25462070E-11   5.04008271E-02   1.00000000    
   5.81709063E-03  0.899185956      0.735434473      0.161223248       5.26654981E-02   3.11304349E-02   2.15350650E-02  -6.03044767E-11   5.06767146E-02  0.999999881    
   6.08574459E-03  0.901133537      0.737027287      0.161572427       5.04496247E-02   2.98206378E-02   2.06289887E-02  -6.92010754E-11   5.09506837E-02   1.00000000    
   6.36680610E-03  0.902993917      0.738548875      0.161906004       4.83220965E-02   2.85630655E-02   1.97590385E-02  -7.94021446E-11   5.12229986E-02   1.00000000    
   6.66084792E-03  0.904770315      0.740001798      0.162224516       4.62797917E-02   2.73558628E-02   1.89239327E-02  -9.10981290E-11   5.14938980E-02   1.00000000    
   6.96846657E-03  0.906465411      0.741388261      0.162528440       4.43196744E-02   2.61972416E-02   1.81224365E-02  -1.04507007E-10   5.17636351E-02   1.00000000    
   7.29029533E-03  0.908082068      0.742710531      0.162818313       4.24387455E-02   2.50854269E-02   1.73533186E-02  -1.19878982E-10   5.20324744E-02   1.00000012    
   7.62698706E-03  0.909622848      0.743970692      0.163094565       4.06341217E-02   2.40187217E-02   1.66154038E-02  -1.37500067E-10   5.23006618E-02   1.00000000    
   7.97922816E-03  0.911090255      0.745170891      0.163357690       3.89029980E-02   2.29954589E-02   1.59075428E-02  -1.57698174E-10   5.25684617E-02   1.00000000    
   8.34773760E-03  0.912486911      0.746313155      0.163608089       3.72426361E-02   2.20140219E-02   1.52286142E-02  -1.80848753E-10   5.28361313E-02   1.00000000    
   8.73326231E-03  0.913814962      0.747399390      0.163846225       3.56503949E-02   2.10728534E-02   1.45775424E-02  -2.07381654E-10   5.31039461E-02  0.999999940    
   9.13659483E-03  0.915077031      0.748431563      0.164072499       3.41236778E-02   2.01704148E-02   1.39532648E-02  -2.37789871E-10   5.33721969E-02  0.999999940    
   9.55855101E-03  0.916275144      0.749411523      0.164287314       3.26600149E-02   1.93052497E-02   1.33547699E-02  -2.72636885E-10   5.36411330E-02   1.00000000    
   9.99999978E-03  0.917411506      0.750340939      0.164491057       3.12569588E-02   1.84759051E-02   1.27810556E-02  -3.12569581E-10   5.39110750E-02   1.00000000    
   1.04618352E-02  0.918488026      0.751221418      0.164684087       2.99121849E-02   1.76810138E-02   1.22311739E-02  -3.58327090E-10   5.41822761E-02  0.999999940    
   1.09449998E-02  0.919506848      0.752054691      0.164866760       2.86234375E-02   1.69192366E-02   1.17042009E-02  -4.10756790E-10   5.44550791E-02   1.00000000    
   1.14504788E-02  0.920469880      0.752842367      0.165039435       2.73885150E-02   1.61892772E-02   1.11992378E-02  -4.70828876E-10   5.47297560E-02   1.00000000    
   1.19793033E-02  0.921378613      0.753585637      0.165202364       2.62052994E-02   1.54898819E-02   1.07154176E-02  -5.39653933E-10   5.50066195E-02  0.999999940    
   1.25325443E-02  0.922235370      0.754286289      0.165355965       2.50717700E-02   1.48198567E-02   1.02519151E-02  -6.18503304E-10   5.52860163E-02   1.00000012    
   1.31113352E-02  0.923041165      0.754945338      0.165500447       2.39859335E-02   1.41780218E-02   9.80791356E-03  -7.08833714E-10   5.55682816E-02   1.00000000    
   1.37168644E-02  0.923797786      0.755564213      0.165636107       2.29458753E-02   1.35632455E-02   9.38263070E-03  -8.12314049E-10   5.58537096E-02  0.999999881    
   1.43503575E-02  0.924506962      0.756144226      0.165763274       2.19497699E-02   1.29744513E-02   8.97532143E-03  -9.30852451E-10   5.61427101E-02  0.999999940    
   1.50131090E-02  0.925169826      0.756686449      0.165882140       2.09958442E-02   1.24105886E-02   8.58525839E-03  -1.06663511E-09   5.64356335E-02   1.00000000    
   1.57064684E-02  0.925787866      0.757191896      0.165992931       2.00823918E-02   1.18706487E-02   8.21174495E-03  -1.22216437E-09   5.67328446E-02   1.00000000    
   1.64318476E-02  0.926362157      0.757661581      0.166095912       1.92077700E-02   1.13536613E-02   7.85410963E-03  -1.40030465E-09   5.70347309E-02   1.00000000    
   1.71907302E-02  0.926894009      0.758096576      0.166191265       1.83703862E-02   1.08586857E-02   7.51170050E-03  -1.60433689E-09   5.73417209E-02  0.999999940    
   1.79846510E-02  0.927384615      0.758497834      0.166279241       1.75687298E-02   1.03848297E-02   7.18390197E-03  -1.83801230E-09   5.76542243E-02   1.00000012    
   1.88152362E-02  0.927834868      0.758866072      0.166359961       1.68013256E-02   9.93121881E-03   6.87010773E-03  -2.10563100E-09   5.79726882E-02   1.00000000    
   1.96841918E-02  0.928245723      0.759202123      0.166433632       1.60667449E-02   9.49701015E-03   6.56973617E-03  -2.41211673E-09   5.82975782E-02   1.00000012    
   2.05932781E-02  0.928618073      0.759506702      0.166500390       1.53636439E-02   9.08140838E-03   6.28223503E-03  -2.76309686E-09   5.86293377E-02   1.00000012    
   2.15443484E-02  0.928952873      0.759780467      0.166560426       1.46907121E-02   8.68364051E-03   6.00707205E-03  -3.16501891E-09   5.89685068E-02   1.00000012    
   2.25393437E-02  0.929250598      0.760023952      0.166613802       1.40466932E-02   8.30296334E-03   5.74373128E-03  -3.62526009E-09   5.93155734E-02   1.00000012    
   2.35802922E-02  0.929512024      0.760237813      0.166660666       1.34303821E-02   7.93866348E-03   5.49171958E-03  -4.15226564E-09   5.96711263E-02   1.00000000    
   2.46693026E-02  0.929737926      0.760422587      0.166701183       1.28406268E-02   7.59006012E-03   5.25056757E-03  -4.75569184E-09   6.00357093E-02   1.00000012    
   2.58086193E-02  0.929928422      0.760578454      0.166735351       1.22762937E-02   7.25648459E-03   5.01981005E-03  -5.44661116E-09   6.04099296E-02   1.00000000    
   2.70005390E-02  0.930084467      0.760706007      0.166763321       1.17363352E-02   6.93731615E-03   4.79901908E-03  -6.23766772E-09   6.07944503E-02   1.00000012    
   2.82475203E-02  0.930206001      0.760805368      0.166785091       1.12197008E-02   6.63193548E-03   4.58776625E-03  -7.14336190E-09   6.11898899E-02   1.00000000    
   2.95520928E-02  0.930293322      0.760876834      0.166800767       1.07254162E-02   6.33976469E-03   4.38565202E-03  -8.18026091E-09   6.15969710E-02   1.00000000    
   3.09169143E-02  0.930346906      0.760920703      0.166810378       1.02525363E-02   6.06024684E-03   4.19228990E-03  -9.36733180E-09   6.20164573E-02   1.00000012    
   3.23447660E-02  0.930366755      0.760936916      0.166813925       9.80014913E-03   5.79284225E-03   4.00730781E-03  -1.07262705E-08   6.24490865E-02   1.00000000    
   3.38385329E-02  0.930352807      0.760925531      0.166811422       9.36739147E-03   5.53704007E-03   3.83035187E-03  -1.22818786E-08   6.28956929E-02   1.00000000    
   3.54013145E-02  0.930305183      0.760886550      0.166802883       8.95341299E-03   5.29233785E-03   3.66107468E-03  -1.40626168E-08   6.33571669E-02   1.00000000    
   3.70362736E-02  0.930223703      0.760819852      0.166788265       8.55741650E-03   5.05826622E-03   3.49915121E-03  -1.61009606E-08   6.38344213E-02   1.00000000    
   3.87467444E-02  0.930108190      0.760725439      0.166767567       8.17863457E-03   4.83436882E-03   3.34426574E-03  -1.84340880E-08   6.43284097E-02   1.00000000    
   4.05362062E-02  0.929958165      0.760602713      0.166740686       7.81632960E-03   4.62021166E-03   3.19611863E-03  -2.11045084E-08   6.48402050E-02  0.999999881    
   4.24083136E-02  0.929773688      0.760451794      0.166707590       7.46979611E-03   4.41537658E-03   3.05442000E-03  -2.41608813E-08   6.53708726E-02   1.00000012    
   4.43668813E-02  0.929553747      0.760271966      0.166668162       7.13835610E-03   4.21946310E-03   2.91889324E-03  -2.76588263E-08   6.59215823E-02   1.00000012    
   4.64159027E-02  0.929298043      0.760062814      0.166622311       6.82135671E-03   4.03208565E-03   2.78927130E-03  -3.16619690E-08   6.64935708E-02  0.999999940    
   4.85595539E-02  0.929005921      0.759823859      0.166569933       6.51817909E-03   3.85287823E-03   2.66530132E-03  -3.62430761E-08   6.70881495E-02   1.00000012    
   5.08022085E-02  0.928616405      0.759505332      0.166500092       6.22782391E-03   3.68125015E-03   2.61102431E-03  -4.14826680E-08   6.77023754E-02   1.00000000    
   5.31484336E-02  0.928144455      0.759119213      0.166415468       5.94987208E-03   3.51695344E-03   2.60969717E-03  -4.74754991E-08   6.83387145E-02  0.999999940    
   5.56029640E-02  0.927637994      0.758705080      0.166324675       5.68411918E-03   3.35986773E-03   2.60827341E-03  -5.43319061E-08   6.90023154E-02   1.00000012    
   5.81709109E-02  0.927095532      0.758261383      0.166227400       5.43001667E-03   3.20966844E-03   2.60674814E-03  -6.21762624E-08   6.96948916E-02   1.00000000    
   6.08574487E-02  0.926515818      0.757787228      0.166123450       5.18706441E-03   3.06606013E-03   2.60511786E-03  -7.11502750E-08   7.04182461E-02   1.00000012    
   6.36680648E-02  0.925897002      0.757281184      0.166012496       4.95477067E-03   2.92875199E-03   2.60337815E-03  -8.14160757E-08   7.11742416E-02   1.00000000    
   6.66084811E-02  0.925237596      0.756741822      0.165894270       4.73267026E-03   2.79746880E-03   2.60152412E-03  -9.31589099E-08   7.19650090E-02   1.00000000    
   6.96846992E-02  0.924535632      0.756167591      0.165768400       4.52031521E-03   2.67194631E-03   2.59954995E-03  -1.06590491E-07   7.27927238E-02   1.00000012    
   7.29029179E-02  0.923788488      0.755556583      0.165634453       4.31727944E-03   2.55193235E-03   2.59744958E-03  -1.21952240E-07   7.36597255E-02   1.00000000    
   7.62698352E-02  0.922994316      0.754907072      0.165492058       4.12314618E-03   2.43718084E-03   2.59521650E-03  -1.39521120E-07   7.45686218E-02   1.00000000    
   7.97922537E-02  0.922150612      0.754216969      0.165340781       3.93752800E-03   2.32746243E-03   2.59284419E-03  -1.59612384E-07   7.55221099E-02   1.00000000    
   8.34773406E-02  0.921254516      0.753484070      0.165180102       3.76004912E-03   2.22255522E-03   2.59032450E-03  -1.82586220E-07   7.65231326E-02  0.999999940    
   8.73326212E-02  0.920303106      0.752705932      0.165009528       3.59035144E-03   2.12224713E-03   2.58764951E-03  -2.08854061E-07   7.75748268E-02  0.999999940    
   9.13659558E-02  0.919293284      0.751879990      0.164828464       3.42809036E-03   2.02633510E-03   2.58481014E-03  -2.38885519E-07   7.86806419E-02   1.00000000    
   9.55855623E-02  0.918221354      0.751003325      0.164636284       3.27293715E-03   1.93462463E-03   2.58179614E-03  -2.73216472E-07   7.98442140E-02   1.00000000    
  0.100000046      0.917083859      0.750072896      0.164432317       3.12457816E-03   1.84692990E-03   2.57859775E-03  -3.12458383E-07   8.10694993E-02   1.00000000    
  0.104618303      0.915876508      0.749085486      0.164215833       2.98271514E-03   1.76307489E-03   2.57520285E-03  -3.57307755E-07   8.23608115E-02   1.00000012    
  0.109449953      0.914594769      0.748037159      0.163986027       2.84705404E-03   1.68288592E-03   2.57159909E-03  -4.08562016E-07   8.37227926E-02   1.00000000    
  0.114504740      0.913233876      0.746924102      0.163742006       2.71732174E-03   1.60620152E-03   2.56777252E-03  -4.67126938E-07   8.51603672E-02   1.00000000    
  0.119792975      0.911788702      0.745742023      0.163482890       2.59325607E-03   1.53286674E-03   2.56370916E-03  -5.34036303E-07   8.66790563E-02   1.00000000    
  0.125325441      0.910253167      0.744486153      0.163207576       2.47460278E-03   1.46273116E-03   2.55939178E-03  -6.10467396E-07   8.82847086E-02   1.00000000    
  0.131113425      0.908621371      0.743151605      0.162915006       2.36112135E-03   1.39565254E-03   2.55480362E-03  -6.97761436E-07   8.99836943E-02   1.00000000    
  0.137168705      0.906886280      0.741732478      0.162603900       2.25258060E-03   1.33149442E-03   2.54992512E-03  -7.97444500E-07   9.17829648E-02   1.00000000    
  0.143503651      0.905040681      0.740222931      0.162272990       2.14875862E-03   1.27012562E-03   2.54473556E-03  -9.11254062E-07   9.36901048E-02   1.00000000    
  0.150131166      0.903076351      0.738616347      0.161920786       2.04944448E-03   1.21142110E-03   2.53921235E-03  -1.04116509E-06   9.57132578E-02   1.00000000    
  0.157064602      0.900984466      0.736905515      0.161545724       1.95443630E-03   1.15526211E-03   2.53333081E-03  -1.18941875E-06   9.78613943E-02   1.00000000    
  0.164318413      0.898755431      0.735082269      0.161146030       1.86353631E-03   1.10153132E-03   2.52706301E-03  -1.35857226E-06  0.100144356      0.999999881    
  0.171907216      0.896378636      0.733138382      0.160719901       1.77656009E-03   1.05011999E-03   2.52038054E-03  -1.55151633E-06  0.102572717       1.00000000    
  0.179846510      0.893842697      0.731064200      0.160265192       1.69333001E-03   1.00092287E-03   2.51324987E-03  -1.77153458E-06  0.105158173      0.999999940    
  0.188152462      0.891134799      0.728849471      0.159779668       1.61367492E-03   9.53838928E-04   2.50563608E-03  -2.02234696E-06  0.107913427       1.00000000    
  0.196841836      0.888241112      0.726482809      0.159260839       1.53743220E-03   9.08772054E-04   2.49749958E-03  -2.30815840E-06  0.110852383      0.999999940    
  0.205932692      0.885146618      0.723951817      0.158705994       1.46444293E-03   8.65628361E-04   2.48879869E-03  -2.63374409E-06  0.113990366       1.00000000    
  0.215443403      0.881834507      0.721242905      0.158112139       1.39455753E-03   8.24319315E-04   2.47948617E-03  -3.00447914E-06  0.117344119       1.00000000    
  0.225393340      0.878286779      0.718341231      0.157476038       1.32763223E-03   7.84759934E-04   2.46951077E-03  -3.42643170E-06  0.120931961       1.00000012    
  0.235802814      0.874483049      0.715230227      0.156794026       1.26352825E-03   7.46868202E-04   2.45881570E-03  -3.90643754E-06  0.124774002      0.999999940    
  0.246693030      0.870401621      0.711892068      0.156062230       1.20211311E-03   7.10565830E-04   2.44733971E-03  -4.45218166E-06  0.128892303       1.00000000    
  0.258086205      0.866018057      0.708306789      0.155276269       1.14325923E-03   6.75777497E-04   2.43501435E-03  -5.07228742E-06  0.133311197       1.00000000    
  0.270005524      0.861306131      0.704452932      0.154431432       1.08684460E-03   6.42430910E-04   2.42176559E-03  -5.77641049E-06  0.138057292       1.00000000    
  0.282475352      0.856236339      0.700306475      0.153522417       1.03275094E-03   6.10456336E-04   2.40751076E-03  -6.57533519E-06  0.143159822       1.00000012    
  0.295521080      0.850776732      0.695841074      0.152543515       9.80865909E-04   5.79787244E-04   2.39215977E-03  -7.48106686E-06  0.148650914       1.00000000    
  0.309169292      0.844892263      0.691028297      0.151488438       9.31081187E-04   5.50359546E-04   2.37561413E-03  -8.50693141E-06  0.154565826       1.00000000    
  0.323447824      0.838544369      0.685836315      0.150350258       8.83292174E-04   5.22111659E-04   2.35776557E-03  -9.66765856E-06  0.160943210       1.00000000    
  0.338385493      0.831690729      0.680230856      0.149121404       8.37399508E-04   4.94984619E-04   2.33849511E-03  -1.09794255E-05  0.167825162      0.999999881    
  0.354013354      0.824285150      0.674173892      0.147793606       7.93305342E-04   4.68920654E-04   2.31767260E-03  -1.24600265E-05  0.175258338      0.999999940    
  0.370362580      0.816277325      0.667624414      0.146357805       7.50919164E-04   4.43866331E-04   2.29515648E-03  -1.41286791E-05  0.183292866       1.00000000    
  0.387467265      0.807612121      0.660537243      0.144804135       7.10150460E-04   4.19768039E-04   2.27079238E-03  -1.60062809E-05  0.191984087       1.00000000    
  0.405361891      0.798230231      0.652863860      0.143121973       6.70915411E-04   3.96576303E-04   2.24441290E-03  -1.81150463E-05  0.201391295      0.999999940    
  0.424082935      0.788067281      0.644551694      0.141299769       6.33133168E-04   3.74243362E-04   2.21583736E-03  -2.04785047E-05  0.211578846      0.999999940    
  0.443668604      0.777054489      0.635544419      0.139325172       5.96726488E-04   3.52723408E-04   2.18487228E-03  -2.31211852E-05  0.222615868      0.999999881    
  0.464158803      0.765118182      0.625781834      0.137184992       5.61622437E-04   3.31973541E-04   2.15131044E-03  -2.60681845E-05  0.234575927       1.00000000    
  0.485595316      0.752180398      0.615200162      0.134865269       5.27752156E-04   3.11952899E-04   2.11493275E-03  -2.93445864E-05  0.247536913      0.999999940    
  0.508021832      0.738160253      0.603733242      0.132351473       4.95051965E-04   2.92623881E-04   2.07551173E-03  -3.29746545E-05  0.261580080      0.999999881    
  0.531484127      0.722973645      0.591312289      0.129628524       4.63462580E-04   2.73951504E-04   2.03281105E-03  -3.69807640E-05  0.276789308      0.999999940    
  0.556029916      0.706536174      0.577868283      0.126681298       4.32931149E-04   2.55904451E-04   1.98659324E-03  -4.13819980E-05  0.293249279       1.00000000    
  0.581709385      0.688764215      0.563332796      0.123494804       4.03410348E-04   2.38454770E-04   1.93662313E-03  -4.61924865E-05  0.311043501       1.00000000    
  0.608574808      0.669578195      0.547640741      0.120054767       3.74860625E-04   2.21579132E-04   1.88267720E-03  -5.14192470E-05  0.330251634      0.999999940    
  0.636680961      0.648906291      0.530733407      0.116348319       3.47250374E-04   2.05258766E-04   1.82455324E-03  -5.70597840E-05  0.350945532       1.00000000    
  0.666085184      0.626688719      0.512561917      0.112364724       3.20556515E-04   1.89480110E-04   1.76208327E-03  -6.30991781E-05  0.373184979       1.00000000    
  0.696847379      0.602883279      0.493091702      0.108096428       2.94766447E-04   1.74235654E-04   1.69514865E-03  -6.95070339E-05  0.397011966       1.00000000    
  0.729028881      0.577473044      0.472308934      0.103540398       2.69879238E-04   1.59524905E-04   1.62370177E-03  -7.62339550E-05  0.422443688       1.00000000    
  0.762698054      0.550468683      0.450222373       9.86985490E-02   2.45902251E-04   1.45352169E-04   1.54777267E-03  -8.32095247E-05  0.449469209       1.00000000    
  0.797922134      0.521922767      0.426874965       9.35802907E-02   2.22858027E-04   1.31730791E-04   1.46750920E-03  -9.03379623E-05  0.478035897       1.00000000    
  0.834773064      0.491932541      0.402346283       8.82030651E-02   2.00779643E-04   1.18680313E-04   1.38318457E-03  -9.74974755E-05  0.508046389       1.00000012    
  0.873325825      0.460647970      0.376758963       8.25937688E-02   1.79711307E-04   1.06226878E-04   1.29522057E-03  -1.04539547E-04  0.539350390       1.00000000    
  0.913659155      0.428275943      0.350282282       7.67894909E-02   1.59706280E-04   9.44019630E-05   1.20419904E-03  -1.11290698E-04  0.571740925       1.00000000    
  0.955855191      0.395082474      0.323133677       7.08379298E-02   1.40824486E-04   8.32409787E-05   1.11086771E-03  -1.17556490E-04  0.604951799       1.00000000    
   1.00000000      0.361390173      0.295577109       6.47969395E-02   1.23128586E-04   7.27809747E-05   1.01613381E-03  -1.23128586E-04  0.638660133      0.999999940    
